2 1 1.0
3 1 1.0
4 1 1.0
4 2 1.0
4 3 1.0
5 1 1.0
5 2 1.0
5 3 1.0
6 1 1.0
6 2 1.0
6 3 1.0
6 4 1.0
7 2 1.0
7 3 1.0
7 6 1.0
8 3 1.0
8 5 1.0
9 5 1.0
10 1 1.0
10 2 1.0
10 3 1.0
10 4 1.0
10 6 1.0
10 7 1.0
10 8 1.0
11 1 1.0
11 2 1.0
11 5 1.0
11 6 1.0
11 8 1.0
11 9 1.0
12 1 1.0
12 4 1.0
12 5 1.0
12 7 1.0
12 8 1.0
12 9 1.0
12 11 1.0
13 1 1.0
13 2 1.0
13 3 1.0
13 5 1.0
13 8 1.0
13 9 1.0
13 11 1.0
13 12 1.0
14 2 1.0
14 3 1.0
14 4 1.0
14 7 1.0
14 8 1.0
14 10 1.0
15 1 1.0
15 2 1.0
15 5 1.0
15 8 1.0
15 10 1.0
15 12 1.0
15 13 1.0
16 1 1.0
16 4 1.0
16 5 1.0
16 8 1.0
16 9 1.0
16 10 1.0
16 13 1.0
17 1 1.0
17 3 1.0
17 4 1.0
17 5 1.0
17 6 1.0
17 8 1.0
17 9 1.0
17 10 1.0
17 12 1.0
17 13 1.0
17 15 1.0
17 16 1.0
18 1 1.0
18 2 1.0
18 3 1.0
18 4 1.0
18 6 1.0
18 7 1.0
18 8 1.0
18 12 1.0
18 13 1.0
18 15 1.0
19 6 1.0
19 7 1.0
19 10 1.0
19 15 1.0
19 16 1.0
19 18 1.0
20 5 1.0
20 7 1.0
20 11 1.0
20 12 1.0
20 13 1.0
20 14 1.0
20 17 1.0
20 18 1.0
20 19 1.0
21 1 1.0
21 2 1.0
21 4 1.0
21 6 1.0
21 7 1.0
21 8 1.0
21 9 1.0
21 10 1.0
21 12 1.0
21 13 1.0
21 15 1.0
21 16 1.0
21 18 1.0
22 1 1.0
22 9 1.0
22 11 1.0
22 13 1.0
22 15 1.0
22 16 1.0
22 17 1.0
22 18 1.0
22 19 1.0
22 21 1.0
23 2 1.0
23 4 1.0
23 6 1.0
23 9 1.0
23 11 1.0
23 16 1.0
23 17 1.0
23 18 1.0
23 19 1.0
23 20 1.0
23 22 1.0
24 3 1.0
24 4 1.0
24 5 1.0
24 7 1.0
24 8 1.0
24 9 1.0
24 12 1.0
24 13 1.0
24 14 1.0
24 16 1.0
24 19 1.0
24 20 1.0
24 21 1.0
24 22 1.0
24 23 1.0
25 1 1.0
25 3 1.0
25 4 1.0
25 7 1.0
25 9 1.0
25 10 1.0
25 11 1.0
25 13 1.0
25 16 1.0
25 17 1.0
25 18 1.0
25 20 1.0
25 22 1.0
25 23 1.0
25 24 1.0
26 1 1.0
26 2 1.0
26 6 1.0
26 7 1.0
26 8 1.0
26 10 1.0
26 12 1.0
26 15 1.0
26 16 1.0
26 17 1.0
26 18 1.0
26 19 1.0
26 20 1.0
26 21 1.0
26 23 1.0
26 24 1.0
26 25 1.0
27 1 1.0
27 2 1.0
27 4 1.0
27 9 1.0
27 10 1.0
27 16 1.0
27 17 1.0
27 18 1.0
27 19 1.0
27 20 1.0
27 21 1.0
27 23 1.0
27 25 1.0
28 1 1.0
28 2 1.0
28 3 1.0
28 6 1.0
28 10 1.0
28 11 1.0
28 18 1.0
28 22 1.0
28 23 1.0
28 24 1.0
28 26 1.0
29 1 1.0
29 4 1.0
29 6 1.0
29 8 1.0
29 10 1.0
29 13 1.0
29 14 1.0
29 15 1.0
29 16 1.0
29 17 1.0
29 21 1.0
29 22 1.0
29 23 1.0
29 24 1.0
29 25 1.0
29 27 1.0
29 28 1.0
30 1 1.0
30 2 1.0
30 3 1.0
30 4 1.0
30 5 1.0
30 10 1.0
30 11 1.0
30 12 1.0
30 15 1.0
30 16 1.0
30 17 1.0
30 18 1.0
30 20 1.0
30 23 1.0
30 25 1.0
30 26 1.0
30 27 1.0
30 28 1.0
31 2 1.0
31 5 1.0
31 7 1.0
31 10 1.0
31 11 1.0
31 14 1.0
31 15 1.0
31 16 1.0
31 18 1.0
31 19 1.0
31 20 1.0
31 21 1.0
31 23 1.0
31 25 1.0
31 29 1.0
32 1 1.0
32 2 1.0
32 3 1.0
32 4 1.0
32 7 1.0
32 9 1.0
32 11 1.0
32 12 1.0
32 17 1.0
32 18 1.0
32 25 1.0
32 28 1.0
32 29 1.0
33 1 1.0
33 2 1.0
33 3 1.0
33 8 1.0
33 10 1.0
33 12 1.0
33 13 1.0
33 15 1.0
33 16 1.0
33 19 1.0
33 21 1.0
33 22 1.0
33 24 1.0
33 26 1.0
33 27 1.0
33 28 1.0
33 29 1.0
33 32 1.0
34 2 1.0
34 3 1.0
34 4 1.0
34 6 1.0
34 9 1.0
34 11 1.0
34 12 1.0
34 16 1.0
34 17 1.0
34 19 1.0
34 20 1.0
34 22 1.0
34 24 1.0
34 25 1.0
34 26 1.0
34 28 1.0
34 33 1.0
35 2 1.0
35 4 1.0
35 5 1.0
35 7 1.0
35 8 1.0
35 9 1.0
35 13 1.0
35 14 1.0
35 17 1.0
35 18 1.0
35 19 1.0
35 23 1.0
35 24 1.0
35 25 1.0
35 27 1.0
35 30 1.0
35 32 1.0
35 34 1.0
36 1 1.0
36 3 1.0
36 6 1.0
36 7 1.0
36 8 1.0
36 10 1.0
36 12 1.0
36 13 1.0
36 15 1.0
36 16 1.0
36 17 1.0
36 18 1.0
36 22 1.0
36 26 1.0
36 28 1.0
36 30 1.0
36 31 1.0
36 32 1.0
36 33 1.0
36 34 1.0
37 1 1.0
37 2 1.0
37 3 1.0
37 6 1.0
37 7 1.0
37 9 1.0
37 10 1.0
37 11 1.0
37 14 1.0
37 15 1.0
37 16 1.0
37 19 1.0
37 21 1.0
37 22 1.0
37 25 1.0
37 30 1.0
37 31 1.0
37 32 1.0
37 33 1.0
37 36 1.0
38 1 1.0
38 6 1.0
38 7 1.0
38 8 1.0
38 9 1.0
38 10 1.0
38 14 1.0
38 16 1.0
38 19 1.0
38 21 1.0
38 22 1.0
38 23 1.0
38 24 1.0
38 26 1.0
38 28 1.0
38 29 1.0
38 30 1.0
38 31 1.0
38 32 1.0
38 35 1.0
39 2 1.0
39 4 1.0
39 7 1.0
39 12 1.0
39 13 1.0
39 14 1.0
39 16 1.0
39 17 1.0
39 18 1.0
39 19 1.0
39 25 1.0
39 27 1.0
39 28 1.0
39 35 1.0
40 1 1.0
40 2 1.0
40 3 1.0
40 4 1.0
40 7 1.0
40 9 1.0
40 10 1.0
40 11 1.0
40 14 1.0
40 19 1.0
40 21 1.0
40 25 1.0
40 26 1.0
40 27 1.0
40 29 1.0
40 33 1.0
40 37 1.0
40 38 1.0
41 3 1.0
41 4 1.0
41 5 1.0
41 10 1.0
41 11 1.0
41 12 1.0
41 13 1.0
41 15 1.0
41 19 1.0
41 20 1.0
41 21 1.0
41 22 1.0
41 24 1.0
41 26 1.0
41 30 1.0
41 31 1.0
41 33 1.0
41 35 1.0
41 40 1.0
42 2 1.0
42 3 1.0
42 6 1.0
42 14 1.0
42 16 1.0
42 20 1.0
42 24 1.0
42 25 1.0
42 26 1.0
42 28 1.0
42 33 1.0
42 34 1.0
42 36 1.0
42 38 1.0
42 40 1.0
43 3 1.0
43 4 1.0
43 7 1.0
43 8 1.0
43 11 1.0
43 12 1.0
43 13 1.0
43 14 1.0
43 15 1.0
43 17 1.0
43 18 1.0
43 20 1.0
43 23 1.0
43 24 1.0
43 25 1.0
43 26 1.0
43 31 1.0
43 32 1.0
43 33 1.0
43 37 1.0
43 38 1.0
43 39 1.0
44 2 1.0
44 3 1.0
44 5 1.0
44 6 1.0
44 7 1.0
44 10 1.0
44 14 1.0
44 20 1.0
44 21 1.0
44 23 1.0
44 24 1.0
44 25 1.0
44 26 1.0
44 28 1.0
44 29 1.0
44 34 1.0
44 35 1.0
44 36 1.0
44 38 1.0
44 39 1.0
44 40 1.0
44 41 1.0
44 42 1.0
44 43 1.0
45 1 1.0
45 3 1.0
45 4 1.0
45 7 1.0
45 8 1.0
45 10 1.0
45 11 1.0
45 12 1.0
45 16 1.0
45 18 1.0
45 19 1.0
45 20 1.0
45 21 1.0
45 22 1.0
45 23 1.0
45 24 1.0
45 26 1.0
45 27 1.0
45 28 1.0
45 30 1.0
45 31 1.0
45 33 1.0
45 35 1.0
45 37 1.0
45 38 1.0
45 39 1.0
45 40 1.0
45 41 1.0
45 43 1.0
45 44 1.0
46 1 1.0
46 2 1.0
46 4 1.0
46 6 1.0
46 7 1.0
46 9 1.0
46 11 1.0
46 12 1.0
46 14 1.0
46 18 1.0
46 21 1.0
46 23 1.0
46 25 1.0
46 26 1.0
46 29 1.0
46 30 1.0
46 31 1.0
46 33 1.0
46 34 1.0
46 35 1.0
46 37 1.0
47 1 1.0
47 4 1.0
47 5 1.0
47 6 1.0
47 7 1.0
47 9 1.0
47 13 1.0
47 14 1.0
47 15 1.0
47 17 1.0
47 20 1.0
47 21 1.0
47 22 1.0
47 23 1.0
47 24 1.0
47 26 1.0
47 27 1.0
47 28 1.0
47 29 1.0
47 32 1.0
47 33 1.0
47 34 1.0
47 36 1.0
47 42 1.0
47 46 1.0
48 5 1.0
48 6 1.0
48 8 1.0
48 10 1.0
48 11 1.0
48 12 1.0
48 13 1.0
48 14 1.0
48 16 1.0
48 18 1.0
48 21 1.0
48 24 1.0
48 25 1.0
48 26 1.0
48 31 1.0
48 32 1.0
48 33 1.0
48 34 1.0
48 36 1.0
48 37 1.0
48 39 1.0
48 40 1.0
48 45 1.0
48 46 1.0
49 1 1.0
49 2 1.0
49 3 1.0
49 6 1.0
49 9 1.0
49 11 1.0
49 19 1.0
49 22 1.0
49 23 1.0
49 24 1.0
49 25 1.0
49 30 1.0
49 33 1.0
49 34 1.0
49 36 1.0
49 38 1.0
49 40 1.0
49 42 1.0
49 47 1.0
49 48 1.0
50 2 1.0
50 3 1.0
50 7 1.0
50 8 1.0
50 9 1.0
50 10 1.0
50 12 1.0
50 13 1.0
50 14 1.0
50 17 1.0
50 18 1.0
50 20 1.0
50 22 1.0
50 24 1.0
50 26 1.0
50 28 1.0
50 31 1.0
50 34 1.0
50 36 1.0
50 41 1.0
50 42 1.0
50 43 1.0
50 44 1.0
50 48 1.0
50 49 1.0
51 4 1.0
51 5 1.0
51 6 1.0
51 7 1.0
51 9 1.0
51 12 1.0
51 14 1.0
51 15 1.0
51 16 1.0
51 18 1.0
51 20 1.0
51 21 1.0
51 23 1.0
51 24 1.0
51 27 1.0
51 33 1.0
51 38 1.0
51 39 1.0
51 40 1.0
51 42 1.0
51 44 1.0
51 45 1.0
51 46 1.0
51 47 1.0
51 48 1.0
51 50 1.0
52 4 1.0
52 6 1.0
52 7 1.0
52 9 1.0
52 11 1.0
52 15 1.0
52 19 1.0
52 20 1.0
52 21 1.0
52 25 1.0
52 26 1.0
52 27 1.0
52 28 1.0
52 29 1.0
52 30 1.0
52 32 1.0
52 33 1.0
52 34 1.0
52 38 1.0
52 39 1.0
52 40 1.0
52 42 1.0
52 44 1.0
52 46 1.0
52 47 1.0
52 48 1.0
52 49 1.0
53 6 1.0
53 12 1.0
53 16 1.0
53 19 1.0
53 21 1.0
53 25 1.0
53 26 1.0
53 30 1.0
53 32 1.0
53 34 1.0
53 35 1.0
53 36 1.0
53 40 1.0
53 41 1.0
53 42 1.0
53 43 1.0
53 44 1.0
53 46 1.0
53 47 1.0
53 49 1.0
53 50 1.0
53 52 1.0
54 1 1.0
54 2 1.0
54 3 1.0
54 5 1.0
54 6 1.0
54 8 1.0
54 9 1.0
54 11 1.0
54 12 1.0
54 13 1.0
54 15 1.0
54 16 1.0
54 18 1.0
54 21 1.0
54 23 1.0
54 24 1.0
54 26 1.0
54 27 1.0
54 28 1.0
54 31 1.0
54 33 1.0
54 37 1.0
54 38 1.0
54 39 1.0
54 45 1.0
54 46 1.0
54 47 1.0
54 48 1.0
54 49 1.0
54 50 1.0
55 2 1.0
55 4 1.0
55 5 1.0
55 6 1.0
55 9 1.0
55 11 1.0
55 14 1.0
55 15 1.0
55 16 1.0
55 18 1.0
55 21 1.0
55 22 1.0
55 23 1.0
55 24 1.0
55 25 1.0
55 26 1.0
55 28 1.0
55 29 1.0
55 32 1.0
55 34 1.0
55 35 1.0
55 36 1.0
55 38 1.0
55 42 1.0
55 47 1.0
55 50 1.0
55 51 1.0
55 54 1.0
56 1 1.0
56 2 1.0
56 4 1.0
56 6 1.0
56 8 1.0
56 9 1.0
56 17 1.0
56 19 1.0
56 20 1.0
56 22 1.0
56 23 1.0
56 24 1.0
56 28 1.0
56 34 1.0
56 35 1.0
56 36 1.0
56 37 1.0
56 39 1.0
56 40 1.0
56 42 1.0
56 43 1.0
56 44 1.0
56 45 1.0
56 46 1.0
56 48 1.0
56 51 1.0
56 52 1.0
56 53 1.0
56 54 1.0
57 1 1.0
57 2 1.0
57 3 1.0
57 7 1.0
57 9 1.0
57 11 1.0
57 12 1.0
57 14 1.0
57 15 1.0
57 16 1.0
57 17 1.0
57 18 1.0
57 22 1.0
57 26 1.0
57 28 1.0
57 29 1.0
57 34 1.0
57 36 1.0
57 38 1.0
57 39 1.0
57 41 1.0
57 42 1.0
57 43 1.0
57 44 1.0
57 47 1.0
57 48 1.0
57 49 1.0
57 50 1.0
57 52 1.0
57 54 1.0
57 55 1.0
57 56 1.0
58 1 1.0
58 2 1.0
58 4 1.0
58 6 1.0
58 7 1.0
58 8 1.0
58 10 1.0
58 11 1.0
58 16 1.0
58 17 1.0
58 21 1.0
58 22 1.0
58 23 1.0
58 24 1.0
58 26 1.0
58 28 1.0
58 29 1.0
58 30 1.0
58 31 1.0
58 33 1.0
58 34 1.0
58 35 1.0
58 36 1.0
58 37 1.0
58 39 1.0
58 40 1.0
58 41 1.0
58 43 1.0
58 44 1.0
58 46 1.0
58 48 1.0
58 51 1.0
58 53 1.0
58 56 1.0
59 1 1.0
59 2 1.0
59 3 1.0
59 5 1.0
59 6 1.0
59 7 1.0
59 8 1.0
59 9 1.0
59 11 1.0
59 12 1.0
59 13 1.0
59 15 1.0
59 16 1.0
59 18 1.0
59 19 1.0
59 23 1.0
59 26 1.0
59 27 1.0
59 28 1.0
59 29 1.0
59 31 1.0
59 32 1.0
59 34 1.0
59 38 1.0
59 40 1.0
59 41 1.0
59 45 1.0
59 46 1.0
59 47 1.0
59 49 1.0
59 50 1.0
59 51 1.0
59 53 1.0
59 54 1.0
60 1 1.0
60 2 1.0
60 3 1.0
60 4 1.0
60 6 1.0
60 10 1.0
60 13 1.0
60 16 1.0
60 18 1.0
60 19 1.0
60 20 1.0
60 21 1.0
60 22 1.0
60 25 1.0
60 26 1.0
60 29 1.0
60 35 1.0
60 38 1.0
60 39 1.0
60 40 1.0
60 42 1.0
60 43 1.0
60 44 1.0
60 46 1.0
60 48 1.0
60 50 1.0
60 53 1.0
60 54 1.0
60 56 1.0
60 58 1.0
61 1 1.0
61 2 1.0
61 3 1.0
61 4 1.0
61 5 1.0
61 6 1.0
61 7 1.0
61 8 1.0
61 11 1.0
61 14 1.0
61 17 1.0
61 19 1.0
61 21 1.0
61 22 1.0
61 23 1.0
61 25 1.0
61 26 1.0
61 31 1.0
61 33 1.0
61 41 1.0
61 44 1.0
61 45 1.0
61 46 1.0
61 47 1.0
61 49 1.0
61 50 1.0
61 51 1.0
61 54 1.0
61 55 1.0
61 56 1.0
61 57 1.0
61 59 1.0
61 60 1.0
62 1 1.0
62 2 1.0
62 5 1.0
62 11 1.0
62 12 1.0
62 17 1.0
62 18 1.0
62 20 1.0
62 21 1.0
62 22 1.0
62 24 1.0
62 26 1.0
62 29 1.0
62 30 1.0
62 31 1.0
62 32 1.0
62 33 1.0
62 34 1.0
62 35 1.0
62 38 1.0
62 39 1.0
62 40 1.0
62 42 1.0
62 45 1.0
62 47 1.0
62 49 1.0
62 51 1.0
62 54 1.0
62 55 1.0
62 56 1.0
62 57 1.0
63 4 1.0
63 7 1.0
63 12 1.0
63 13 1.0
63 15 1.0
63 21 1.0
63 22 1.0
63 24 1.0
63 26 1.0
63 27 1.0
63 29 1.0
63 30 1.0
63 31 1.0
63 32 1.0
63 35 1.0
63 36 1.0
63 37 1.0
63 38 1.0
63 39 1.0
63 40 1.0
63 41 1.0
63 42 1.0
63 45 1.0
63 47 1.0
63 48 1.0
63 49 1.0
63 50 1.0
63 51 1.0
63 60 1.0
64 2 1.0
64 3 1.0
64 8 1.0
64 9 1.0
64 10 1.0
64 12 1.0
64 13 1.0
64 14 1.0
64 17 1.0
64 18 1.0
64 19 1.0
64 21 1.0
64 22 1.0
64 25 1.0
64 26 1.0
64 31 1.0
64 32 1.0
64 38 1.0
64 40 1.0
64 42 1.0
64 44 1.0
64 46 1.0
64 47 1.0
64 48 1.0
64 51 1.0
64 52 1.0
64 53 1.0
64 56 1.0
64 57 1.0
64 58 1.0
64 59 1.0
64 63 1.0
65 3 1.0
65 5 1.0
65 6 1.0
65 7 1.0
65 9 1.0
65 12 1.0
65 13 1.0
65 14 1.0
65 15 1.0
65 16 1.0
65 17 1.0
65 19 1.0
65 21 1.0
65 22 1.0
65 23 1.0
65 25 1.0
65 28 1.0
65 30 1.0
65 31 1.0
65 33 1.0
65 37 1.0
65 39 1.0
65 43 1.0
65 44 1.0
65 46 1.0
65 48 1.0
65 50 1.0
65 51 1.0
65 52 1.0
65 54 1.0
65 55 1.0
65 56 1.0
65 57 1.0
65 59 1.0
65 60 1.0
65 61 1.0
65 62 1.0
65 63 1.0
65 64 1.0
66 2 1.0
66 3 1.0
66 4 1.0
66 5 1.0
66 6 1.0
66 9 1.0
66 10 1.0
66 14 1.0
66 15 1.0
66 19 1.0
66 20 1.0
66 21 1.0
66 23 1.0
66 24 1.0
66 26 1.0
66 27 1.0
66 28 1.0
66 29 1.0
66 31 1.0
66 32 1.0
66 33 1.0
66 36 1.0
66 38 1.0
66 39 1.0
66 42 1.0
66 43 1.0
66 45 1.0
66 48 1.0
66 51 1.0
66 53 1.0
66 55 1.0
66 56 1.0
66 58 1.0
66 65 1.0
67 1 1.0
67 2 1.0
67 4 1.0
67 5 1.0
67 6 1.0
67 7 1.0
67 9 1.0
67 10 1.0
67 11 1.0
67 14 1.0
67 15 1.0
67 17 1.0
67 18 1.0
67 20 1.0
67 23 1.0
67 24 1.0
67 25 1.0
67 28 1.0
67 32 1.0
67 34 1.0
67 35 1.0
67 36 1.0
67 37 1.0
67 39 1.0
67 40 1.0
67 42 1.0
67 45 1.0
67 47 1.0
67 48 1.0
67 49 1.0
67 50 1.0
67 51 1.0
67 58 1.0
67 61 1.0
67 63 1.0
68 2 1.0
68 4 1.0
68 7 1.0
68 10 1.0
68 11 1.0
68 17 1.0
68 20 1.0
68 23 1.0
68 24 1.0
68 26 1.0
68 30 1.0
68 31 1.0
68 32 1.0
68 33 1.0
68 36 1.0
68 37 1.0
68 38 1.0
68 39 1.0
68 40 1.0
68 43 1.0
68 45 1.0
68 46 1.0
68 48 1.0
68 49 1.0
68 53 1.0
68 56 1.0
68 58 1.0
68 61 1.0
69 1 1.0
69 3 1.0
69 8 1.0
69 9 1.0
69 13 1.0
69 16 1.0
69 17 1.0
69 19 1.0
69 20 1.0
69 22 1.0
69 24 1.0
69 26 1.0
69 27 1.0
69 28 1.0
69 29 1.0
69 35 1.0
69 36 1.0
69 38 1.0
69 39 1.0
69 44 1.0
69 47 1.0
69 48 1.0
69 54 1.0
69 58 1.0
69 59 1.0
69 60 1.0
69 64 1.0
69 65 1.0
69 66 1.0
69 68 1.0
70 2 1.0
70 13 1.0
70 14 1.0
70 15 1.0
70 20 1.0
70 23 1.0
70 24 1.0
70 26 1.0
70 28 1.0
70 29 1.0
70 30 1.0
70 31 1.0
70 34 1.0
70 38 1.0
70 40 1.0
70 42 1.0
70 44 1.0
70 45 1.0
70 47 1.0
70 48 1.0
70 51 1.0
70 53 1.0
70 54 1.0
70 55 1.0
70 57 1.0
70 59 1.0
70 63 1.0
70 66 1.0
71 1 1.0
71 3 1.0
71 4 1.0
71 5 1.0
71 9 1.0
71 10 1.0
71 11 1.0
71 14 1.0
71 21 1.0
71 23 1.0
71 27 1.0
71 28 1.0
71 30 1.0
71 32 1.0
71 35 1.0
71 37 1.0
71 38 1.0
71 40 1.0
71 44 1.0
71 45 1.0
71 46 1.0
71 48 1.0
71 49 1.0
71 52 1.0
71 53 1.0
71 54 1.0
71 56 1.0
71 58 1.0
71 59 1.0
71 66 1.0
71 69 1.0
72 2 1.0
72 6 1.0
72 7 1.0
72 8 1.0
72 9 1.0
72 10 1.0
72 12 1.0
72 14 1.0
72 18 1.0
72 19 1.0
72 23 1.0
72 24 1.0
72 27 1.0
72 28 1.0
72 32 1.0
72 33 1.0
72 34 1.0
72 35 1.0
72 36 1.0
72 37 1.0
72 39 1.0
72 42 1.0
72 44 1.0
72 45 1.0
72 49 1.0
72 52 1.0
72 54 1.0
72 55 1.0
72 57 1.0
72 64 1.0
72 66 1.0
72 67 1.0
72 71 1.0
73 2 1.0
73 4 1.0
73 8 1.0
73 9 1.0
73 11 1.0
73 16 1.0
73 17 1.0
73 18 1.0
73 19 1.0
73 22 1.0
73 23 1.0
73 25 1.0
73 27 1.0
73 30 1.0
73 31 1.0
73 34 1.0
73 35 1.0
73 36 1.0
73 39 1.0
73 40 1.0
73 45 1.0
73 46 1.0
73 47 1.0
73 50 1.0
73 51 1.0
73 52 1.0
73 55 1.0
73 57 1.0
73 61 1.0
73 62 1.0
73 65 1.0
73 67 1.0
73 68 1.0
74 2 1.0
74 3 1.0
74 8 1.0
74 9 1.0
74 10 1.0
74 12 1.0
74 13 1.0
74 14 1.0
74 15 1.0
74 17 1.0
74 18 1.0
74 19 1.0
74 21 1.0
74 22 1.0
74 24 1.0
74 28 1.0
74 29 1.0
74 30 1.0
74 31 1.0
74 36 1.0
74 37 1.0
74 41 1.0
74 45 1.0
74 46 1.0
74 48 1.0
74 49 1.0
74 50 1.0
74 51 1.0
74 52 1.0
74 53 1.0
74 54 1.0
74 55 1.0
74 58 1.0
74 59 1.0
74 62 1.0
74 66 1.0
74 67 1.0
74 68 1.0
74 73 1.0
75 2 1.0
75 6 1.0
75 8 1.0
75 9 1.0
75 11 1.0
75 12 1.0
75 13 1.0
75 14 1.0
75 15 1.0
75 17 1.0
75 20 1.0
75 21 1.0
75 27 1.0
75 28 1.0
75 30 1.0
75 32 1.0
75 36 1.0
75 37 1.0
75 39 1.0
75 41 1.0
75 42 1.0
75 43 1.0
75 50 1.0
75 51 1.0
75 56 1.0
75 59 1.0
75 60 1.0
75 62 1.0
75 64 1.0
75 68 1.0
75 71 1.0
75 72 1.0
75 73 1.0
76 2 1.0
76 4 1.0
76 5 1.0
76 8 1.0
76 12 1.0
76 13 1.0
76 16 1.0
76 17 1.0
76 18 1.0
76 20 1.0
76 22 1.0
76 23 1.0
76 24 1.0
76 26 1.0
76 27 1.0
76 29 1.0
76 30 1.0
76 34 1.0
76 35 1.0
76 38 1.0
76 40 1.0
76 41 1.0
76 42 1.0
76 43 1.0
76 54 1.0
76 56 1.0
76 57 1.0
76 58 1.0
76 60 1.0
76 61 1.0
76 64 1.0
76 68 1.0
76 75 1.0
77 4 1.0
77 5 1.0
77 8 1.0
77 9 1.0
77 12 1.0
77 14 1.0
77 15 1.0
77 17 1.0
77 18 1.0
77 30 1.0
77 31 1.0
77 33 1.0
77 35 1.0
77 38 1.0
77 39 1.0
77 40 1.0
77 42 1.0
77 47 1.0
77 48 1.0
77 49 1.0
77 51 1.0
77 52 1.0
77 55 1.0
77 57 1.0
77 60 1.0
77 62 1.0
77 63 1.0
77 66 1.0
77 70 1.0
77 71 1.0
77 72 1.0
77 74 1.0
77 75 1.0
77 76 1.0
78 2 1.0
78 3 1.0
78 5 1.0
78 7 1.0
78 8 1.0
78 9 1.0
78 13 1.0
78 14 1.0
78 15 1.0
78 17 1.0
78 21 1.0
78 23 1.0
78 24 1.0
78 26 1.0
78 27 1.0
78 29 1.0
78 32 1.0
78 33 1.0
78 35 1.0
78 37 1.0
78 38 1.0
78 39 1.0
78 40 1.0
78 43 1.0
78 44 1.0
78 45 1.0
78 46 1.0
78 47 1.0
78 48 1.0
78 49 1.0
78 52 1.0
78 57 1.0
78 58 1.0
78 60 1.0
78 62 1.0
78 63 1.0
78 65 1.0
78 66 1.0
78 68 1.0
78 69 1.0
78 70 1.0
78 74 1.0
78 77 1.0
79 2 1.0
79 3 1.0
79 4 1.0
79 5 1.0
79 7 1.0
79 10 1.0
79 11 1.0
79 12 1.0
79 14 1.0
79 17 1.0
79 18 1.0
79 19 1.0
79 20 1.0
79 21 1.0
79 22 1.0
79 24 1.0
79 25 1.0
79 27 1.0
79 28 1.0
79 29 1.0
79 30 1.0
79 31 1.0
79 33 1.0
79 35 1.0
79 40 1.0
79 42 1.0
79 43 1.0
79 46 1.0
79 47 1.0
79 48 1.0
79 49 1.0
79 50 1.0
79 51 1.0
79 53 1.0
79 54 1.0
79 58 1.0
79 59 1.0
79 60 1.0
79 63 1.0
79 64 1.0
79 65 1.0
79 67 1.0
79 68 1.0
79 75 1.0
79 76 1.0
79 77 1.0
80 1 1.0
80 3 1.0
80 6 1.0
80 8 1.0
80 16 1.0
80 19 1.0
80 23 1.0
80 24 1.0
80 27 1.0
80 33 1.0
80 35 1.0
80 36 1.0
80 37 1.0
80 44 1.0
80 45 1.0
80 46 1.0
80 49 1.0
80 50 1.0
80 51 1.0
80 54 1.0
80 55 1.0
80 56 1.0
80 58 1.0
80 59 1.0
80 60 1.0
80 63 1.0
80 64 1.0
80 68 1.0
80 69 1.0
80 72 1.0
80 74 1.0
80 76 1.0
80 78 1.0
80 79 1.0
81 1 1.0
81 3 1.0
81 4 1.0
81 6 1.0
81 7 1.0
81 9 1.0
81 10 1.0
81 12 1.0
81 13 1.0
81 15 1.0
81 16 1.0
81 18 1.0
81 19 1.0
81 21 1.0
81 25 1.0
81 28 1.0
81 31 1.0
81 36 1.0
81 42 1.0
81 45 1.0
81 47 1.0
81 51 1.0
81 52 1.0
81 53 1.0
81 54 1.0
81 56 1.0
81 57 1.0
81 59 1.0
81 60 1.0
81 63 1.0
81 65 1.0
81 70 1.0
81 71 1.0
81 76 1.0
81 78 1.0
81 80 1.0
82 1 1.0
82 2 1.0
82 3 1.0
82 6 1.0
82 7 1.0
82 8 1.0
82 9 1.0
82 11 1.0
82 15 1.0
82 17 1.0
82 19 1.0
82 20 1.0
82 23 1.0
82 24 1.0
82 33 1.0
82 36 1.0
82 37 1.0
82 41 1.0
82 42 1.0
82 44 1.0
82 45 1.0
82 46 1.0
82 47 1.0
82 48 1.0
82 49 1.0
82 51 1.0
82 53 1.0
82 54 1.0
82 55 1.0
82 58 1.0
82 59 1.0
82 60 1.0
82 61 1.0
82 62 1.0
82 64 1.0
82 66 1.0
82 67 1.0
82 68 1.0
82 71 1.0
82 72 1.0
82 74 1.0
82 75 1.0
82 77 1.0
83 1 1.0
83 3 1.0
83 7 1.0
83 8 1.0
83 9 1.0
83 11 1.0
83 13 1.0
83 15 1.0
83 16 1.0
83 19 1.0
83 20 1.0
83 21 1.0
83 26 1.0
83 27 1.0
83 28 1.0
83 31 1.0
83 32 1.0
83 33 1.0
83 35 1.0
83 37 1.0
83 40 1.0
83 42 1.0
83 43 1.0
83 44 1.0
83 45 1.0
83 48 1.0
83 49 1.0
83 50 1.0
83 54 1.0
83 56 1.0
83 57 1.0
83 59 1.0
83 62 1.0
83 64 1.0
83 65 1.0
83 69 1.0
83 72 1.0
83 74 1.0
83 75 1.0
83 81 1.0
83 82 1.0
84 1 1.0
84 3 1.0
84 5 1.0
84 6 1.0
84 8 1.0
84 9 1.0
84 10 1.0
84 13 1.0
84 14 1.0
84 16 1.0
84 17 1.0
84 18 1.0
84 19 1.0
84 20 1.0
84 25 1.0
84 27 1.0
84 29 1.0
84 31 1.0
84 32 1.0
84 33 1.0
84 34 1.0
84 35 1.0
84 38 1.0
84 40 1.0
84 42 1.0
84 43 1.0
84 45 1.0
84 46 1.0
84 48 1.0
84 51 1.0
84 54 1.0
84 56 1.0
84 61 1.0
84 64 1.0
84 68 1.0
84 70 1.0
84 71 1.0
84 72 1.0
84 75 1.0
84 77 1.0
84 78 1.0
84 80 1.0
84 81 1.0
84 82 1.0
84 83 1.0
85 3 1.0
85 4 1.0
85 6 1.0
85 8 1.0
85 9 1.0
85 10 1.0
85 11 1.0
85 12 1.0
85 13 1.0
85 16 1.0
85 17 1.0
85 18 1.0
85 21 1.0
85 22 1.0
85 25 1.0
85 26 1.0
85 30 1.0
85 33 1.0
85 34 1.0
85 35 1.0
85 36 1.0
85 37 1.0
85 46 1.0
85 47 1.0
85 49 1.0
85 50 1.0
85 51 1.0
85 52 1.0
85 54 1.0
85 55 1.0
85 58 1.0
85 60 1.0
85 61 1.0
85 63 1.0
85 64 1.0
85 66 1.0
85 67 1.0
85 70 1.0
85 71 1.0
85 73 1.0
85 74 1.0
85 77 1.0
85 78 1.0
85 79 1.0
85 80 1.0
85 81 1.0
85 83 1.0
85 84 1.0
86 5 1.0
86 7 1.0
86 8 1.0
86 9 1.0
86 11 1.0
86 15 1.0
86 16 1.0
86 18 1.0
86 25 1.0
86 26 1.0
86 28 1.0
86 31 1.0
86 33 1.0
86 34 1.0
86 35 1.0
86 38 1.0
86 39 1.0
86 40 1.0
86 41 1.0
86 42 1.0
86 46 1.0
86 53 1.0
86 55 1.0
86 58 1.0
86 62 1.0
86 64 1.0
86 65 1.0
86 68 1.0
86 70 1.0
86 71 1.0
86 72 1.0
86 73 1.0
86 75 1.0
86 79 1.0
86 80 1.0
86 82 1.0
86 85 1.0
87 3 1.0
87 4 1.0
87 5 1.0
87 7 1.0
87 9 1.0
87 10 1.0
87 11 1.0
87 12 1.0
87 13 1.0
87 16 1.0
87 18 1.0
87 19 1.0
87 20 1.0
87 21 1.0
87 22 1.0
87 23 1.0
87 24 1.0
87 26 1.0
87 27 1.0
87 28 1.0
87 30 1.0
87 31 1.0
87 34 1.0
87 35 1.0
87 38 1.0
87 40 1.0
87 41 1.0
87 42 1.0
87 44 1.0
87 47 1.0
87 49 1.0
87 53 1.0
87 55 1.0
87 56 1.0
87 58 1.0
87 59 1.0
87 61 1.0
87 62 1.0
87 65 1.0
87 69 1.0
87 70 1.0
87 80 1.0
87 83 1.0
87 84 1.0
87 85 1.0
87 86 1.0
88 5 1.0
88 9 1.0
88 10 1.0
88 11 1.0
88 13 1.0
88 18 1.0
88 19 1.0
88 21 1.0
88 23 1.0
88 24 1.0
88 26 1.0
88 28 1.0
88 29 1.0
88 30 1.0
88 31 1.0
88 33 1.0
88 36 1.0
88 37 1.0
88 40 1.0
88 43 1.0
88 48 1.0
88 52 1.0
88 53 1.0
88 59 1.0
88 66 1.0
88 67 1.0
88 68 1.0
88 69 1.0
88 70 1.0
88 71 1.0
88 73 1.0
88 79 1.0
88 80 1.0
88 81 1.0
88 82 1.0
89 2 1.0
89 3 1.0
89 6 1.0
89 10 1.0
89 11 1.0
89 12 1.0
89 13 1.0
89 14 1.0
89 15 1.0
89 16 1.0
89 18 1.0
89 25 1.0
89 27 1.0
89 28 1.0
89 33 1.0
89 38 1.0
89 39 1.0
89 40 1.0
89 47 1.0
89 49 1.0
89 50 1.0
89 51 1.0
89 53 1.0
89 54 1.0
89 57 1.0
89 58 1.0
89 59 1.0
89 60 1.0
89 61 1.0
89 66 1.0
89 71 1.0
89 72 1.0
89 76 1.0
89 77 1.0
89 78 1.0
89 79 1.0
89 80 1.0
89 81 1.0
89 82 1.0
89 84 1.0
89 85 1.0
90 4 1.0
90 6 1.0
90 8 1.0
90 9 1.0
90 11 1.0
90 12 1.0
90 14 1.0
90 17 1.0
90 19 1.0
90 20 1.0
90 22 1.0
90 26 1.0
90 28 1.0
90 33 1.0
90 34 1.0
90 40 1.0
90 41 1.0
90 46 1.0
90 48 1.0
90 52 1.0
90 54 1.0
90 55 1.0
90 56 1.0
90 57 1.0
90 59 1.0
90 62 1.0
90 63 1.0
90 66 1.0
90 68 1.0
90 69 1.0
90 70 1.0
90 78 1.0
90 79 1.0
90 81 1.0
90 82 1.0
90 83 1.0
90 88 1.0
91 1 1.0
91 2 1.0
91 3 1.0
91 5 1.0
91 6 1.0
91 10 1.0
91 11 1.0
91 14 1.0
91 16 1.0
91 17 1.0
91 18 1.0
91 21 1.0
91 22 1.0
91 24 1.0
91 29 1.0
91 34 1.0
91 38 1.0
91 40 1.0
91 42 1.0
91 43 1.0
91 44 1.0
91 46 1.0
91 47 1.0
91 48 1.0
91 50 1.0
91 51 1.0
91 52 1.0
91 59 1.0
91 60 1.0
91 61 1.0
91 62 1.0
91 63 1.0
91 65 1.0
91 66 1.0
91 68 1.0
91 69 1.0
91 70 1.0
91 72 1.0
91 73 1.0
91 74 1.0
91 75 1.0
91 77 1.0
91 79 1.0
91 80 1.0
91 83 1.0
91 84 1.0
91 86 1.0
91 88 1.0
91 89 1.0
91 90 1.0
92 1 1.0
92 4 1.0
92 5 1.0
92 6 1.0
92 7 1.0
92 10 1.0
92 12 1.0
92 15 1.0
92 18 1.0
92 19 1.0
92 20 1.0
92 27 1.0
92 28 1.0
92 29 1.0
92 33 1.0
92 34 1.0
92 35 1.0
92 38 1.0
92 40 1.0
92 44 1.0
92 45 1.0
92 48 1.0
92 49 1.0
92 50 1.0
92 54 1.0
92 57 1.0
92 62 1.0
92 63 1.0
92 67 1.0
92 68 1.0
92 70 1.0
92 71 1.0
92 75 1.0
92 76 1.0
92 78 1.0
92 79 1.0
92 82 1.0
92 83 1.0
92 84 1.0
92 86 1.0
92 88 1.0
93 1 1.0
93 4 1.0
93 5 1.0
93 7 1.0
93 11 1.0
93 13 1.0
93 14 1.0
93 15 1.0
93 17 1.0
93 18 1.0
93 19 1.0
93 21 1.0
93 24 1.0
93 25 1.0
93 29 1.0
93 30 1.0
93 32 1.0
93 34 1.0
93 36 1.0
93 37 1.0
93 40 1.0
93 41 1.0
93 44 1.0
93 45 1.0
93 49 1.0
93 51 1.0
93 53 1.0
93 55 1.0
93 56 1.0
93 57 1.0
93 59 1.0
93 60 1.0
93 62 1.0
93 64 1.0
93 65 1.0
93 68 1.0
93 69 1.0
93 70 1.0
93 76 1.0
93 77 1.0
93 78 1.0
93 79 1.0
93 80 1.0
93 83 1.0
93 84 1.0
93 85 1.0
93 87 1.0
93 90 1.0
93 91 1.0
93 92 1.0
94 1 1.0
94 2 1.0
94 3 1.0
94 4 1.0
94 7 1.0
94 10 1.0
94 13 1.0
94 14 1.0
94 15 1.0
94 18 1.0
94 23 1.0
94 26 1.0
94 28 1.0
94 29 1.0
94 31 1.0
94 32 1.0
94 38 1.0
94 40 1.0
94 44 1.0
94 45 1.0
94 46 1.0
94 47 1.0
94 48 1.0
94 50 1.0
94 53 1.0
94 54 1.0
94 55 1.0
94 57 1.0
94 59 1.0
94 60 1.0
94 63 1.0
94 66 1.0
94 68 1.0
94 69 1.0
94 70 1.0
94 71 1.0
94 72 1.0
94 77 1.0
94 79 1.0
94 80 1.0
94 81 1.0
94 86 1.0
94 87 1.0
94 88 1.0
94 90 1.0
94 91 1.0
94 92 1.0
95 1 1.0
95 6 1.0
95 7 1.0
95 8 1.0
95 10 1.0
95 14 1.0
95 20 1.0
95 22 1.0
95 24 1.0
95 25 1.0
95 26 1.0
95 27 1.0
95 28 1.0
95 29 1.0
95 30 1.0
95 33 1.0
95 34 1.0
95 35 1.0
95 38 1.0
95 40 1.0
95 41 1.0
95 42 1.0
95 46 1.0
95 48 1.0
95 51 1.0
95 52 1.0
95 54 1.0
95 56 1.0
95 58 1.0
95 61 1.0
95 63 1.0
95 67 1.0
95 69 1.0
95 72 1.0
95 73 1.0
95 74 1.0
95 75 1.0
95 76 1.0
95 79 1.0
95 82 1.0
95 83 1.0
95 84 1.0
95 85 1.0
95 86 1.0
95 87 1.0
95 88 1.0
95 93 1.0
95 94 1.0
96 1 1.0
96 4 1.0
96 5 1.0
96 6 1.0
96 7 1.0
96 8 1.0
96 9 1.0
96 10 1.0
96 16 1.0
96 22 1.0
96 23 1.0
96 24 1.0
96 27 1.0
96 29 1.0
96 30 1.0
96 33 1.0
96 34 1.0
96 35 1.0
96 36 1.0
96 37 1.0
96 40 1.0
96 45 1.0
96 47 1.0
96 48 1.0
96 49 1.0
96 51 1.0
96 54 1.0
96 56 1.0
96 57 1.0
96 58 1.0
96 60 1.0
96 62 1.0
96 64 1.0
96 65 1.0
96 66 1.0
96 70 1.0
96 71 1.0
96 80 1.0
96 81 1.0
96 83 1.0
96 87 1.0
96 90 1.0
96 91 1.0
96 92 1.0
96 93 1.0
97 1 1.0
97 3 1.0
97 10 1.0
97 12 1.0
97 14 1.0
97 17 1.0
97 18 1.0
97 19 1.0
97 22 1.0
97 23 1.0
97 26 1.0
97 28 1.0
97 30 1.0
97 33 1.0
97 35 1.0
97 36 1.0
97 37 1.0
97 42 1.0
97 43 1.0
97 47 1.0
97 48 1.0
97 49 1.0
97 52 1.0
97 53 1.0
97 54 1.0
97 55 1.0
97 58 1.0
97 59 1.0
97 60 1.0
97 61 1.0
97 63 1.0
97 66 1.0
97 67 1.0
97 69 1.0
97 76 1.0
97 79 1.0
97 84 1.0
97 85 1.0
97 86 1.0
97 93 1.0
97 94 1.0
98 1 1.0
98 2 1.0
98 5 1.0
98 6 1.0
98 12 1.0
98 13 1.0
98 14 1.0
98 15 1.0
98 17 1.0
98 19 1.0
98 21 1.0
98 22 1.0
98 23 1.0
98 24 1.0
98 27 1.0
98 28 1.0
98 30 1.0
98 31 1.0
98 32 1.0
98 33 1.0
98 35 1.0
98 39 1.0
98 41 1.0
98 42 1.0
98 44 1.0
98 47 1.0
98 49 1.0
98 52 1.0
98 54 1.0
98 58 1.0
98 59 1.0
98 60 1.0
98 61 1.0
98 65 1.0
98 66 1.0
98 67 1.0
98 68 1.0
98 69 1.0
98 70 1.0
98 71 1.0
98 78 1.0
98 79 1.0
98 80 1.0
98 81 1.0
98 83 1.0
98 84 1.0
98 85 1.0
98 88 1.0
98 92 1.0
98 93 1.0
98 96 1.0
99 1 1.0
99 6 1.0
99 7 1.0
99 8 1.0
99 11 1.0
99 13 1.0
99 16 1.0
99 18 1.0
99 22 1.0
99 23 1.0
99 24 1.0
99 25 1.0
99 26 1.0
99 27 1.0
99 29 1.0
99 30 1.0
99 32 1.0
99 33 1.0
99 34 1.0
99 35 1.0
99 36 1.0
99 37 1.0
99 39 1.0
99 42 1.0
99 43 1.0
99 48 1.0
99 50 1.0
99 51 1.0
99 52 1.0
99 53 1.0
99 54 1.0
99 56 1.0
99 57 1.0
99 59 1.0
99 60 1.0
99 63 1.0
99 66 1.0
99 67 1.0
99 68 1.0
99 69 1.0
99 70 1.0
99 72 1.0
99 73 1.0
99 79 1.0
99 84 1.0
99 85 1.0
99 86 1.0
99 87 1.0
99 90 1.0
99 97 1.0
100 1 1.0
100 2 1.0
100 5 1.0
100 6 1.0
100 7 1.0
100 8 1.0
100 9 1.0
100 13 1.0
100 14 1.0
100 15 1.0
100 16 1.0
100 17 1.0
100 18 1.0
100 19 1.0
100 20 1.0
100 21 1.0
100 22 1.0
100 24 1.0
100 26 1.0
100 31 1.0
100 33 1.0
100 34 1.0
100 35 1.0
100 37 1.0
100 38 1.0
100 39 1.0
100 40 1.0
100 41 1.0
100 44 1.0
100 46 1.0
100 47 1.0
100 50 1.0
100 51 1.0
100 55 1.0
100 56 1.0
100 57 1.0
100 58 1.0
100 59 1.0
100 60 1.0
100 63 1.0
100 64 1.0
100 69 1.0
100 70 1.0
100 71 1.0
100 74 1.0
100 77 1.0
100 78 1.0
100 80 1.0
100 81 1.0
100 83 1.0
100 84 1.0
100 86 1.0
100 87 1.0
100 89 1.0
100 91 1.0
100 92 1.0
100 93 1.0
100 96 1.0
100 98 1.0
101 1 1.0
101 3 1.0
101 4 1.0
101 5 1.0
101 6 1.0
101 8 1.0
101 10 1.0
101 16 1.0
101 18 1.0
101 19 1.0
101 20 1.0
101 24 1.0
101 26 1.0
101 28 1.0
101 29 1.0
101 31 1.0
101 32 1.0
101 36 1.0
101 38 1.0
101 39 1.0
101 40 1.0
101 44 1.0
101 51 1.0
101 52 1.0
101 53 1.0
101 55 1.0
101 57 1.0
101 60 1.0
101 62 1.0
101 64 1.0
101 67 1.0
101 68 1.0
101 69 1.0
101 73 1.0
101 76 1.0
101 80 1.0
101 81 1.0
101 82 1.0
101 83 1.0
101 85 1.0
101 86 1.0
101 88 1.0
101 89 1.0
101 91 1.0
101 92 1.0
101 94 1.0
101 97 1.0
101 100 1.0
102 2 1.0
102 5 1.0
102 10 1.0
102 11 1.0
102 13 1.0
102 16 1.0
102 17 1.0
102 19 1.0
102 20 1.0
102 22 1.0
102 24 1.0
102 28 1.0
102 30 1.0
102 31 1.0
102 33 1.0
102 34 1.0
102 36 1.0
102 37 1.0
102 38 1.0
102 42 1.0
102 43 1.0
102 47 1.0
102 48 1.0
102 49 1.0
102 51 1.0
102 54 1.0
102 55 1.0
102 60 1.0
102 61 1.0
102 63 1.0
102 65 1.0
102 66 1.0
102 67 1.0
102 69 1.0
102 70 1.0
102 71 1.0
102 74 1.0
102 76 1.0
102 81 1.0
102 82 1.0
102 83 1.0
102 84 1.0
102 86 1.0
102 87 1.0
102 88 1.0
102 89 1.0
102 92 1.0
102 93 1.0
102 94 1.0
102 95 1.0
102 96 1.0
102 97 1.0
102 100 1.0
103 1 1.0
103 4 1.0
103 5 1.0
103 6 1.0
103 10 1.0
103 11 1.0
103 12 1.0
103 13 1.0
103 15 1.0
103 17 1.0
103 18 1.0
103 19 1.0
103 22 1.0
103 23 1.0
103 25 1.0
103 26 1.0
103 27 1.0
103 33 1.0
103 35 1.0
103 36 1.0
103 37 1.0
103 39 1.0
103 45 1.0
103 47 1.0
103 49 1.0
103 53 1.0
103 54 1.0
103 57 1.0
103 58 1.0
103 59 1.0
103 60 1.0
103 67 1.0
103 69 1.0
103 71 1.0
103 72 1.0
103 73 1.0
103 74 1.0
103 75 1.0
103 76 1.0
103 77 1.0
103 79 1.0
103 80 1.0
103 85 1.0
103 86 1.0
103 88 1.0
103 92 1.0
103 93 1.0
103 94 1.0
103 96 1.0
103 97 1.0
103 98 1.0
103 99 1.0
103 100 1.0
103 101 1.0
103 102 1.0
104 1 1.0
104 2 1.0
104 4 1.0
104 5 1.0
104 8 1.0
104 11 1.0
104 12 1.0
104 14 1.0
104 15 1.0
104 17 1.0
104 18 1.0
104 19 1.0
104 21 1.0
104 22 1.0
104 24 1.0
104 25 1.0
104 27 1.0
104 28 1.0
104 30 1.0
104 31 1.0
104 35 1.0
104 36 1.0
104 39 1.0
104 43 1.0
104 44 1.0
104 47 1.0
104 50 1.0
104 56 1.0
104 57 1.0
104 58 1.0
104 60 1.0
104 64 1.0
104 65 1.0
104 66 1.0
104 68 1.0
104 69 1.0
104 72 1.0
104 74 1.0
104 77 1.0
104 80 1.0
104 83 1.0
104 84 1.0
104 86 1.0
104 87 1.0
104 89 1.0
104 90 1.0
104 91 1.0
104 92 1.0
104 94 1.0
104 98 1.0
104 102 1.0
104 103 1.0
105 1 1.0
105 2 1.0
105 3 1.0
105 4 1.0
105 8 1.0
105 10 1.0
105 11 1.0
105 12 1.0
105 14 1.0
105 15 1.0
105 16 1.0
105 17 1.0
105 18 1.0
105 22 1.0
105 23 1.0
105 24 1.0
105 25 1.0
105 26 1.0
105 28 1.0
105 30 1.0
105 32 1.0
105 33 1.0
105 36 1.0
105 38 1.0
105 41 1.0
105 46 1.0
105 47 1.0
105 48 1.0
105 53 1.0
105 54 1.0
105 57 1.0
105 58 1.0
105 63 1.0
105 64 1.0
105 67 1.0
105 68 1.0
105 70 1.0
105 72 1.0
105 73 1.0
105 74 1.0
105 75 1.0
105 78 1.0
105 82 1.0
105 85 1.0
105 88 1.0
105 91 1.0
105 92 1.0
105 93 1.0
105 99 1.0
105 101 1.0
105 104 1.0
106 1 1.0
106 3 1.0
106 5 1.0
106 6 1.0
106 7 1.0
106 9 1.0
106 15 1.0
106 17 1.0
106 18 1.0
106 23 1.0
106 24 1.0
106 25 1.0
106 28 1.0
106 31 1.0
106 32 1.0
106 33 1.0
106 35 1.0
106 38 1.0
106 39 1.0
106 40 1.0
106 42 1.0
106 43 1.0
106 46 1.0
106 47 1.0
106 49 1.0
106 52 1.0
106 55 1.0
106 56 1.0
106 57 1.0
106 59 1.0
106 61 1.0
106 65 1.0
106 66 1.0
106 67 1.0
106 69 1.0
106 75 1.0
106 76 1.0
106 78 1.0
106 81 1.0
106 83 1.0
106 84 1.0
106 87 1.0
106 88 1.0
106 89 1.0
106 90 1.0
106 93 1.0
106 94 1.0
106 96 1.0
106 97 1.0
106 98 1.0
106 100 1.0
106 101 1.0
106 102 1.0
106 103 1.0
106 104 1.0
106 105 1.0
107 1 1.0
107 3 1.0
107 5 1.0
107 8 1.0
107 9 1.0
107 13 1.0
107 18 1.0
107 19 1.0
107 23 1.0
107 27 1.0
107 30 1.0
107 32 1.0
107 36 1.0
107 41 1.0
107 43 1.0
107 44 1.0
107 46 1.0
107 48 1.0
107 49 1.0
107 50 1.0
107 55 1.0
107 56 1.0
107 58 1.0
107 61 1.0
107 64 1.0
107 65 1.0
107 66 1.0
107 67 1.0
107 68 1.0
107 71 1.0
107 73 1.0
107 78 1.0
107 79 1.0
107 81 1.0
107 82 1.0
107 83 1.0
107 84 1.0
107 85 1.0
107 91 1.0
107 94 1.0
107 95 1.0
107 96 1.0
107 99 1.0
107 103 1.0
107 104 1.0
107 105 1.0
108 1 1.0
108 3 1.0
108 9 1.0
108 10 1.0
108 11 1.0
108 12 1.0
108 13 1.0
108 17 1.0
108 19 1.0
108 20 1.0
108 22 1.0
108 25 1.0
108 26 1.0
108 30 1.0
108 32 1.0
108 33 1.0
108 34 1.0
108 36 1.0
108 37 1.0
108 43 1.0
108 46 1.0
108 47 1.0
108 48 1.0
108 49 1.0
108 51 1.0
108 53 1.0
108 54 1.0
108 58 1.0
108 59 1.0
108 62 1.0
108 63 1.0
108 65 1.0
108 66 1.0
108 68 1.0
108 70 1.0
108 73 1.0
108 74 1.0
108 76 1.0
108 77 1.0
108 80 1.0
108 81 1.0
108 86 1.0
108 87 1.0
108 88 1.0
108 89 1.0
108 90 1.0
108 94 1.0
108 96 1.0
108 98 1.0
108 100 1.0
108 101 1.0
108 103 1.0
108 106 1.0
108 107 1.0
109 5 1.0
109 8 1.0
109 10 1.0
109 12 1.0
109 14 1.0
109 15 1.0
109 17 1.0
109 24 1.0
109 26 1.0
109 27 1.0
109 30 1.0
109 32 1.0
109 33 1.0
109 37 1.0
109 41 1.0
109 43 1.0
109 49 1.0
109 50 1.0
109 51 1.0
109 52 1.0
109 53 1.0
109 57 1.0
109 58 1.0
109 60 1.0
109 61 1.0
109 62 1.0
109 63 1.0
109 64 1.0
109 65 1.0
109 67 1.0
109 68 1.0
109 69 1.0
109 71 1.0
109 73 1.0
109 74 1.0
109 77 1.0
109 79 1.0
109 80 1.0
109 81 1.0
109 82 1.0
109 83 1.0
109 84 1.0
109 85 1.0
109 88 1.0
109 92 1.0
109 93 1.0
109 95 1.0
109 98 1.0
109 99 1.0
109 102 1.0
109 103 1.0
109 105 1.0
109 107 1.0
110 3 1.0
110 6 1.0
110 7 1.0
110 10 1.0
110 13 1.0
110 15 1.0
110 17 1.0
110 20 1.0
110 21 1.0
110 22 1.0
110 23 1.0
110 24 1.0
110 25 1.0
110 30 1.0
110 32 1.0
110 33 1.0
110 34 1.0
110 36 1.0
110 37 1.0
110 39 1.0
110 40 1.0
110 42 1.0
110 43 1.0
110 44 1.0
110 46 1.0
110 51 1.0
110 52 1.0
110 54 1.0
110 55 1.0
110 56 1.0
110 59 1.0
110 61 1.0
110 62 1.0
110 63 1.0
110 68 1.0
110 72 1.0
110 73 1.0
110 74 1.0
110 75 1.0
110 78 1.0
110 79 1.0
110 80 1.0
110 81 1.0
110 82 1.0
110 87 1.0
110 91 1.0
110 93 1.0
110 96 1.0
110 97 1.0
110 98 1.0
110 100 1.0
110 101 1.0
110 102 1.0
110 103 1.0
110 105 1.0
110 107 1.0
110 108 1.0
111 2 1.0
111 3 1.0
111 5 1.0
111 6 1.0
111 7 1.0
111 9 1.0
111 17 1.0
111 22 1.0
111 23 1.0
111 24 1.0
111 30 1.0
111 33 1.0
111 34 1.0
111 38 1.0
111 39 1.0
111 40 1.0
111 41 1.0
111 44 1.0
111 45 1.0
111 46 1.0
111 48 1.0
111 52 1.0
111 53 1.0
111 55 1.0
111 56 1.0
111 57 1.0
111 60 1.0
111 63 1.0
111 64 1.0
111 65 1.0
111 66 1.0
111 72 1.0
111 73 1.0
111 75 1.0
111 78 1.0
111 80 1.0
111 81 1.0
111 86 1.0
111 90 1.0
111 91 1.0
111 92 1.0
111 94 1.0
111 96 1.0
111 98 1.0
111 100 1.0
111 101 1.0
111 104 1.0
111 106 1.0
111 108 1.0
111 109 1.0
111 110 1.0
112 3 1.0
112 4 1.0
112 5 1.0
112 6 1.0
112 11 1.0
112 12 1.0
112 13 1.0
112 14 1.0
112 16 1.0
112 17 1.0
112 18 1.0
112 19 1.0
112 28 1.0
112 30 1.0
112 31 1.0
112 32 1.0
112 35 1.0
112 36 1.0
112 41 1.0
112 43 1.0
112 44 1.0
112 45 1.0
112 46 1.0
112 49 1.0
112 52 1.0
112 53 1.0
112 56 1.0
112 57 1.0
112 58 1.0
112 59 1.0
112 61 1.0
112 64 1.0
112 65 1.0
112 66 1.0
112 68 1.0
112 69 1.0
112 71 1.0
112 72 1.0
112 73 1.0
112 76 1.0
112 77 1.0
112 79 1.0
112 80 1.0
112 81 1.0
112 82 1.0
112 83 1.0
112 84 1.0
112 85 1.0
112 86 1.0
112 87 1.0
112 88 1.0
112 89 1.0
112 97 1.0
112 101 1.0
112 103 1.0
112 104 1.0
112 106 1.0
112 108 1.0
113 2 1.0
113 3 1.0
113 4 1.0
113 7 1.0
113 11 1.0
113 12 1.0
113 13 1.0
113 21 1.0
113 23 1.0
113 24 1.0
113 26 1.0
113 27 1.0
113 30 1.0
113 31 1.0
113 32 1.0
113 35 1.0
113 36 1.0
113 37 1.0
113 38 1.0
113 39 1.0
113 41 1.0
113 44 1.0
113 46 1.0
113 47 1.0
113 48 1.0
113 50 1.0
113 51 1.0
113 52 1.0
113 61 1.0
113 66 1.0
113 68 1.0
113 69 1.0
113 70 1.0
113 71 1.0
113 73 1.0
113 74 1.0
113 75 1.0
113 77 1.0
113 78 1.0
113 79 1.0
113 85 1.0
113 89 1.0
113 92 1.0
113 93 1.0
113 94 1.0
113 96 1.0
113 97 1.0
113 100 1.0
113 101 1.0
113 102 1.0
113 104 1.0
113 105 1.0
113 110 1.0
114 1 1.0
114 2 1.0
114 3 1.0
114 4 1.0
114 6 1.0
114 8 1.0
114 11 1.0
114 14 1.0
114 15 1.0
114 17 1.0
114 18 1.0
114 20 1.0
114 21 1.0
114 24 1.0
114 26 1.0
114 27 1.0
114 28 1.0
114 29 1.0
114 30 1.0
114 32 1.0
114 33 1.0
114 34 1.0
114 36 1.0
114 38 1.0
114 39 1.0
114 43 1.0
114 45 1.0
114 46 1.0
114 48 1.0
114 50 1.0
114 51 1.0
114 52 1.0
114 54 1.0
114 55 1.0
114 56 1.0
114 57 1.0
114 58 1.0
114 59 1.0
114 61 1.0
114 62 1.0
114 63 1.0
114 64 1.0
114 65 1.0
114 66 1.0
114 68 1.0
114 70 1.0
114 71 1.0
114 73 1.0
114 75 1.0
114 80 1.0
114 81 1.0
114 83 1.0
114 86 1.0
114 87 1.0
114 90 1.0
114 95 1.0
114 101 1.0
114 102 1.0
114 103 1.0
114 106 1.0
114 109 1.0
114 110 1.0
114 111 1.0
115 2 1.0
115 4 1.0
115 7 1.0
115 13 1.0
115 15 1.0
115 16 1.0
115 17 1.0
115 19 1.0
115 20 1.0
115 22 1.0
115 23 1.0
115 27 1.0
115 28 1.0
115 29 1.0
115 31 1.0
115 32 1.0
115 33 1.0
115 34 1.0
115 35 1.0
115 36 1.0
115 40 1.0
115 41 1.0
115 42 1.0
115 44 1.0
115 46 1.0
115 47 1.0
115 48 1.0
115 49 1.0
115 51 1.0
115 52 1.0
115 53 1.0
115 55 1.0
115 60 1.0
115 61 1.0
115 63 1.0
115 66 1.0
115 67 1.0
115 70 1.0
115 73 1.0
115 74 1.0
115 77 1.0
115 80 1.0
115 81 1.0
115 85 1.0
115 86 1.0
115 91 1.0
115 93 1.0
115 95 1.0
115 97 1.0
115 98 1.0
115 100 1.0
115 103 1.0
115 106 1.0
115 107 1.0
115 109 1.0
115 110 1.0
115 111 1.0
115 113 1.0
116 1 1.0
116 2 1.0
116 4 1.0
116 6 1.0
116 8 1.0
116 10 1.0
116 12 1.0
116 13 1.0
116 17 1.0
116 18 1.0
116 19 1.0
116 20 1.0
116 21 1.0
116 22 1.0
116 23 1.0
116 24 1.0
116 27 1.0
116 29 1.0
116 34 1.0
116 35 1.0
116 36 1.0
116 37 1.0
116 40 1.0
116 41 1.0
116 43 1.0
116 49 1.0
116 50 1.0
116 53 1.0
116 56 1.0
116 58 1.0
116 62 1.0
116 66 1.0
116 67 1.0
116 68 1.0
116 72 1.0
116 73 1.0
116 80 1.0
116 86 1.0
116 87 1.0
116 88 1.0
116 89 1.0
116 90 1.0
116 93 1.0
116 94 1.0
116 95 1.0
116 98 1.0
116 104 1.0
116 106 1.0
116 108 1.0
116 109 1.0
116 111 1.0
116 112 1.0
116 113 1.0
116 115 1.0
117 1 1.0
117 4 1.0
117 8 1.0
117 9 1.0
117 10 1.0
117 13 1.0
117 15 1.0
117 17 1.0
117 18 1.0
117 19 1.0
117 20 1.0
117 28 1.0
117 30 1.0
117 33 1.0
117 39 1.0
117 40 1.0
117 42 1.0
117 44 1.0
117 45 1.0
117 46 1.0
117 50 1.0
117 51 1.0
117 54 1.0
117 56 1.0
117 59 1.0
117 60 1.0
117 61 1.0
117 62 1.0
117 64 1.0
117 65 1.0
117 66 1.0
117 72 1.0
117 73 1.0
117 75 1.0
117 77 1.0
117 80 1.0
117 84 1.0
117 89 1.0
117 90 1.0
117 91 1.0
117 94 1.0
117 97 1.0
117 99 1.0
117 101 1.0
117 112 1.0
117 115 1.0
118 2 1.0
118 3 1.0
118 4 1.0
118 7 1.0
118 8 1.0
118 9 1.0
118 10 1.0
118 14 1.0
118 16 1.0
118 17 1.0
118 20 1.0
118 21 1.0
118 24 1.0
118 25 1.0
118 27 1.0
118 28 1.0
118 29 1.0
118 30 1.0
118 32 1.0
118 33 1.0
118 37 1.0
118 38 1.0
118 40 1.0
118 41 1.0
118 45 1.0
118 46 1.0
118 47 1.0
118 48 1.0
118 50 1.0
118 55 1.0
118 56 1.0
118 57 1.0
118 59 1.0
118 62 1.0
118 66 1.0
118 69 1.0
118 70 1.0
118 72 1.0
118 76 1.0
118 77 1.0
118 80 1.0
118 84 1.0
118 86 1.0
118 87 1.0
118 88 1.0
118 91 1.0
118 92 1.0
118 93 1.0
118 95 1.0
118 98 1.0
118 99 1.0
118 100 1.0
118 103 1.0
118 104 1.0
118 107 1.0
118 108 1.0
118 113 1.0
118 114 1.0
119 3 1.0
119 6 1.0
119 9 1.0
119 10 1.0
119 11 1.0
119 12 1.0
119 14 1.0
119 16 1.0
119 18 1.0
119 19 1.0
119 23 1.0
119 24 1.0
119 25 1.0
119 26 1.0
119 28 1.0
119 29 1.0
119 32 1.0
119 33 1.0
119 34 1.0
119 37 1.0
119 39 1.0
119 41 1.0
119 43 1.0
119 45 1.0
119 50 1.0
119 51 1.0
119 53 1.0
119 56 1.0
119 57 1.0
119 61 1.0
119 64 1.0
119 65 1.0
119 66 1.0
119 68 1.0
119 75 1.0
119 76 1.0
119 78 1.0
119 80 1.0
119 83 1.0
119 85 1.0
119 89 1.0
119 90 1.0
119 92 1.0
119 96 1.0
119 100 1.0
119 101 1.0
119 102 1.0
119 103 1.0
119 104 1.0
119 106 1.0
119 108 1.0
119 113 1.0
119 116 1.0
119 117 1.0
120 1 1.0
120 3 1.0
120 5 1.0
120 6 1.0
120 7 1.0
120 10 1.0
120 13 1.0
120 14 1.0
120 15 1.0
120 16 1.0
120 17 1.0
120 18 1.0
120 19 1.0
120 20 1.0
120 21 1.0
120 22 1.0
120 28 1.0
120 31 1.0
120 34 1.0
120 37 1.0
120 38 1.0
120 39 1.0
120 41 1.0
120 46 1.0
120 47 1.0
120 52 1.0
120 53 1.0
120 54 1.0
120 56 1.0
120 57 1.0
120 62 1.0
120 64 1.0
120 65 1.0
120 68 1.0
120 70 1.0
120 71 1.0
120 72 1.0
120 73 1.0
120 77 1.0
120 79 1.0
120 84 1.0
120 87 1.0
120 90 1.0
120 93 1.0
120 95 1.0
120 96 1.0
120 100 1.0
120 102 1.0
120 103 1.0
120 105 1.0
120 110 1.0
120 111 1.0
120 112 1.0
120 113 1.0
120 114 1.0
120 115 1.0
120 118 1.0
121 1 1.0
121 3 1.0
121 4 1.0
121 6 1.0
121 7 1.0
121 10 1.0
121 12 1.0
121 13 1.0
121 14 1.0
121 18 1.0
121 19 1.0
121 20 1.0
121 25 1.0
121 26 1.0
121 27 1.0
121 28 1.0
121 31 1.0
121 32 1.0
121 35 1.0
121 36 1.0
121 37 1.0
121 40 1.0
121 41 1.0
121 43 1.0
121 44 1.0
121 48 1.0
121 53 1.0
121 54 1.0
121 55 1.0
121 56 1.0
121 57 1.0
121 58 1.0
121 59 1.0
121 62 1.0
121 64 1.0
121 66 1.0
121 71 1.0
121 78 1.0
121 82 1.0
121 84 1.0
121 87 1.0
121 90 1.0
121 92 1.0
121 94 1.0
121 95 1.0
121 96 1.0
121 97 1.0
121 98 1.0
121 99 1.0
121 101 1.0
121 104 1.0
121 106 1.0
121 108 1.0
121 109 1.0
121 114 1.0
121 116 1.0
121 117 1.0
121 120 1.0
122 1 1.0
122 3 1.0
122 7 1.0
122 8 1.0
122 9 1.0
122 11 1.0
122 12 1.0
122 15 1.0
122 16 1.0
122 21 1.0
122 23 1.0
122 26 1.0
122 27 1.0
122 29 1.0
122 36 1.0
122 37 1.0
122 41 1.0
122 42 1.0
122 44 1.0
122 45 1.0
122 49 1.0
122 50 1.0
122 51 1.0
122 52 1.0
122 53 1.0
122 54 1.0
122 58 1.0
122 59 1.0
122 60 1.0
122 61 1.0
122 62 1.0
122 64 1.0
122 65 1.0
122 67 1.0
122 70 1.0
122 72 1.0
122 73 1.0
122 74 1.0
122 75 1.0
122 77 1.0
122 78 1.0
122 79 1.0
122 80 1.0
122 81 1.0
122 88 1.0
122 90 1.0
122 91 1.0
122 92 1.0
122 93 1.0
122 95 1.0
122 98 1.0
122 99 1.0
122 102 1.0
122 103 1.0
122 106 1.0
122 109 1.0
122 112 1.0
122 113 1.0
122 114 1.0
122 115 1.0
122 117 1.0
122 118 1.0
122 121 1.0
123 1 1.0
123 2 1.0
123 6 1.0
123 9 1.0
123 10 1.0
123 11 1.0
123 12 1.0
123 13 1.0
123 14 1.0
123 16 1.0
123 21 1.0
123 23 1.0
123 24 1.0
123 26 1.0
123 28 1.0
123 32 1.0
123 34 1.0
123 37 1.0
123 38 1.0
123 40 1.0
123 41 1.0
123 42 1.0
123 44 1.0
123 46 1.0
123 47 1.0
123 48 1.0
123 49 1.0
123 50 1.0
123 53 1.0
123 54 1.0
123 56 1.0
123 57 1.0
123 60 1.0
123 61 1.0
123 62 1.0
123 64 1.0
123 65 1.0
123 67 1.0
123 68 1.0
123 69 1.0
123 72 1.0
123 75 1.0
123 78 1.0
123 80 1.0
123 82 1.0
123 84 1.0
123 85 1.0
123 89 1.0
123 90 1.0
123 91 1.0
123 92 1.0
123 93 1.0
123 94 1.0
123 97 1.0
123 98 1.0
123 100 1.0
123 102 1.0
123 103 1.0
123 104 1.0
123 106 1.0
123 108 1.0
123 109 1.0
123 110 1.0
123 114 1.0
123 115 1.0
123 116 1.0
123 117 1.0
123 118 1.0
123 120 1.0
123 121 1.0
124 1 1.0
124 2 1.0
124 3 1.0
124 4 1.0
124 14 1.0
124 15 1.0
124 17 1.0
124 19 1.0
124 20 1.0
124 25 1.0
124 29 1.0
124 30 1.0
124 33 1.0
124 39 1.0
124 40 1.0
124 43 1.0
124 47 1.0
124 49 1.0
124 52 1.0
124 53 1.0
124 54 1.0
124 57 1.0
124 58 1.0
124 60 1.0
124 62 1.0
124 63 1.0
124 65 1.0
124 68 1.0
124 72 1.0
124 75 1.0
124 77 1.0
124 82 1.0
124 83 1.0
124 88 1.0
124 90 1.0
124 91 1.0
124 92 1.0
124 94 1.0
124 95 1.0
124 96 1.0
124 98 1.0
124 99 1.0
124 104 1.0
124 105 1.0
124 106 1.0
124 107 1.0
124 108 1.0
124 109 1.0
124 111 1.0
124 113 1.0
124 114 1.0
124 115 1.0
124 116 1.0
124 118 1.0
124 119 1.0
124 120 1.0
124 122 1.0
124 123 1.0
125 4 1.0
125 5 1.0
125 6 1.0
125 8 1.0
125 10 1.0
125 12 1.0
125 14 1.0
125 15 1.0
125 18 1.0
125 19 1.0
125 20 1.0
125 23 1.0
125 24 1.0
125 25 1.0
125 26 1.0
125 28 1.0
125 34 1.0
125 35 1.0
125 38 1.0
125 41 1.0
125 42 1.0
125 43 1.0
125 46 1.0
125 48 1.0
125 49 1.0
125 52 1.0
125 54 1.0
125 55 1.0
125 56 1.0
125 58 1.0
125 59 1.0
125 60 1.0
125 61 1.0
125 62 1.0
125 63 1.0
125 66 1.0
125 67 1.0
125 71 1.0
125 72 1.0
125 73 1.0
125 76 1.0
125 78 1.0
125 79 1.0
125 81 1.0
125 85 1.0
125 86 1.0
125 87 1.0
125 89 1.0
125 90 1.0
125 93 1.0
125 95 1.0
125 99 1.0
125 101 1.0
125 106 1.0
125 107 1.0
125 108 1.0
125 111 1.0
125 113 1.0
125 114 1.0
125 117 1.0
125 118 1.0
125 119 1.0
125 122 1.0