12 9 1.0
16 14 1.0
18 11 1.0
23 10 1.0
24 2 1.0
28 1 1.0
28 11 1.0
30 6 1.0
31 3 1.0
34 24 1.0
35 18 1.0
36 7 1.0
37 5 1.0
39 35 1.0
40 4 1.0
41 5 1.0
43 17 1.0
43 19 1.0
44 25 1.0
46 10 1.0
46 23 1.0
46 25 1.0
48 27 1.0
49 6 1.0
49 30 1.0
53 9 1.0
53 12 1.0
54 5 1.0
54 37 1.0
54 41 1.0
55 4 1.0
56 7 1.0
56 36 1.0
57 50 1.0
58 52 1.0
59 11 1.0
59 28 1.0
60 25 1.0
60 44 1.0
60 46 1.0
61 5 1.0
61 37 1.0
61 54 1.0
62 5 1.0
62 37 1.0
62 54 1.0
62 61 1.0
63 20 1.0
64 17 1.0
64 43 1.0
66 9 1.0
66 12 1.0
66 53 1.0
67 21 1.0
67 65 1.0
68 6 1.0
68 30 1.0
68 49 1.0
71 21 1.0
71 67 1.0
73 35 1.0
73 39 1.0
74 22 1.0
74 51 1.0
75 57 1.0
76 1 1.0
76 9 1.0
76 28 1.0
76 53 1.0
77 17 1.0
77 19 1.0
77 43 1.0
77 47 1.0
78 14 1.0
78 16 1.0
79 12 1.0
79 53 1.0
80 8 1.0
80 55 1.0
81 13 1.0
82 5 1.0
82 41 1.0
82 54 1.0
82 61 1.0
83 69 1.0
84 34 1.0
85 17 1.0
85 43 1.0
85 47 1.0
85 64 1.0
85 77 1.0
86 30 1.0
86 49 1.0
87 40 1.0
88 4 1.0
89 2 1.0
89 24 1.0
89 38 1.0
89 87 1.0
90 10 1.0
90 23 1.0
90 25 1.0
90 46 1.0
90 60 1.0
91 2 1.0
91 24 1.0
91 34 1.0
91 57 1.0
91 89 1.0
92 7 1.0
92 56 1.0
93 19 1.0
93 47 1.0
93 77 1.0
95 17 1.0
95 43 1.0
95 64 1.0
95 85 1.0
96 2 1.0
96 34 1.0
96 84 1.0
97 26 1.0
97 81 1.0
98 26 1.0
98 81 1.0
98 97 1.0
99 80 1.0
100 52 1.0
100 58 1.0
101 25 1.0
101 44 1.0
101 60 1.0
101 90 1.0
102 69 1.0
102 72 1.0
102 83 1.0
103 94 1.0
104 21 1.0
104 44 1.0
104 71 1.0
105 69 1.0
105 72 1.0
105 83 1.0
105 102 1.0
105 103 1.0
107 32 1.0
108 33 1.0
109 79 1.0
109 100 1.0
110 69 1.0
110 83 1.0
110 102 1.0
110 105 1.0
111 16 1.0
111 78 1.0
112 7 1.0
112 8 1.0
112 36 1.0
112 56 1.0
112 92 1.0
113 30 1.0
113 49 1.0
113 86 1.0
114 45 1.0
114 49 1.0
114 86 1.0
114 113 1.0
115 14 1.0
115 94 1.0
115 103 1.0
116 14 1.0
116 16 1.0
116 17 1.0
116 43 1.0
116 64 1.0
116 78 1.0
116 95 1.0
116 115 1.0
117 4 1.0
117 88 1.0
117 109 1.0
118 20 1.0
119 34 1.0
119 84 1.0
119 96 1.0
120 106 1.0
121 70 1.0
122 70 1.0
122 121 1.0
123 52 1.0
123 58 1.0
123 100 1.0
124 45 1.0
124 86 1.0
124 114 1.0
125 18 1.0
125 27 1.0
125 48 1.0
126 4 1.0
126 40 1.0
126 87 1.0
127 5 1.0
127 37 1.0
127 61 1.0
127 62 1.0
127 118 1.0
128 41 1.0
129 22 1.0
129 63 1.0
130 22 1.0
130 51 1.0
130 74 1.0
131 5 1.0
131 15 1.0
131 37 1.0
131 54 1.0
131 61 1.0
131 62 1.0
131 82 1.0
131 127 1.0
133 8 1.0
133 92 1.0
133 112 1.0
134 21 1.0
134 67 1.0
134 104 1.0
135 12 1.0
135 53 1.0
135 79 1.0
135 100 1.0
135 109 1.0
136 2 1.0
136 24 1.0
136 34 1.0
136 57 1.0
136 89 1.0
136 91 1.0
137 17 1.0
137 64 1.0
137 94 1.0
137 95 1.0
138 5 1.0
138 37 1.0
138 61 1.0
138 62 1.0
138 127 1.0
138 128 1.0
139 25 1.0
139 44 1.0
139 46 1.0
139 60 1.0
139 90 1.0
139 101 1.0
140 55 1.0
140 132 1.0
141 18 1.0
141 27 1.0
141 48 1.0
141 125 1.0
142 69 1.0
142 128 1.0
143 69 1.0
143 83 1.0
143 102 1.0
143 105 1.0
143 107 1.0
144 41 1.0
144 47 1.0
144 54 1.0
144 77 1.0
144 82 1.0
144 85 1.0
145 19 1.0
145 43 1.0
146 20 1.0
146 63 1.0
146 118 1.0
147 4 1.0
147 40 1.0
147 87 1.0
147 126 1.0
148 51 1.0
148 74 1.0
148 130 1.0
149 1 1.0
149 9 1.0
149 28 1.0
149 53 1.0
149 59 1.0
149 66 1.0
150 106 1.0
151 1 1.0
151 11 1.0
151 28 1.0
151 42 1.0
151 59 1.0
152 35 1.0
152 39 1.0
152 128 1.0
152 142 1.0
153 69 1.0
153 128 1.0
153 142 1.0
153 152 1.0
154 6 1.0
154 30 1.0
154 49 1.0
154 68 1.0
154 86 1.0
154 113 1.0
154 114 1.0
154 124 1.0
155 120 1.0
156 69 1.0
156 83 1.0
156 102 1.0
156 105 1.0
156 110 1.0
156 143 1.0
157 1 1.0
157 11 1.0
157 28 1.0
157 42 1.0
157 59 1.0
157 149 1.0
157 151 1.0
158 35 1.0
158 39 1.0
158 128 1.0
158 142 1.0
158 152 1.0
159 10 1.0
159 23 1.0
159 75 1.0
160 12 1.0
160 79 1.0
160 135 1.0
161 65 1.0
161 106 1.0
161 120 1.0
162 2 1.0
162 24 1.0
162 38 1.0
162 40 1.0
162 87 1.0
162 89 1.0
162 147 1.0
163 3 1.0
163 27 1.0
163 33 1.0
163 48 1.0
163 125 1.0
163 141 1.0
164 72 1.0
164 102 1.0
164 105 1.0
164 107 1.0
165 63 1.0
165 129 1.0
166 9 1.0
166 12 1.0
166 53 1.0
166 66 1.0
166 79 1.0
166 109 1.0
166 135 1.0
166 160 1.0
167 72 1.0
167 94 1.0
167 103 1.0
168 4 1.0
168 40 1.0
168 87 1.0
168 126 1.0
168 147 1.0
168 162 1.0
169 45 1.0
169 124 1.0
170 41 1.0
170 47 1.0
170 54 1.0
170 77 1.0
170 82 1.0
170 85 1.0
170 144 1.0
172 11 1.0
172 28 1.0
172 42 1.0
172 59 1.0
172 151 1.0
172 157 1.0
173 22 1.0
173 25 1.0
173 44 1.0
173 46 1.0
173 60 1.0
173 90 1.0
173 101 1.0
173 139 1.0
174 25 1.0
175 3 1.0
175 11 1.0
175 18 1.0
175 59 1.0
176 70 1.0
176 101 1.0
176 174 1.0
177 5 1.0
177 37 1.0
177 41 1.0
177 61 1.0
177 62 1.0
177 128 1.0
177 138 1.0
177 142 1.0
178 48 1.0
178 83 1.0
178 125 1.0
178 141 1.0
178 143 1.0
178 156 1.0
178 158 1.0
179 26 1.0
179 81 1.0
179 97 1.0
179 98 1.0
180 94 1.0
180 95 1.0
180 110 1.0
180 137 1.0
181 50 1.0
181 129 1.0
181 165 1.0
182 25 1.0
182 60 1.0
182 101 1.0
182 139 1.0
182 174 1.0
182 176 1.0
183 41 1.0
183 128 1.0
183 138 1.0
183 142 1.0
183 152 1.0
183 153 1.0
183 177 1.0
184 72 1.0
184 94 1.0
184 103 1.0
184 105 1.0
184 167 1.0
185 38 1.0
185 87 1.0
185 162 1.0
186 51 1.0
186 118 1.0
186 127 1.0
186 146 1.0
187 21 1.0
187 67 1.0
187 71 1.0
188 69 1.0
188 83 1.0
188 102 1.0
188 105 1.0
188 107 1.0
188 143 1.0
188 156 1.0
188 164 1.0
188 178 1.0
189 4 1.0
189 55 1.0
189 88 1.0
189 132 1.0
189 140 1.0
190 47 1.0
190 93 1.0
190 155 1.0
191 1 1.0
191 9 1.0
191 28 1.0
191 53 1.0
191 66 1.0
191 76 1.0
191 149 1.0
192 25 1.0
192 44 1.0
192 60 1.0
192 101 1.0
192 104 1.0
192 139 1.0
192 173 1.0
192 176 1.0
192 182 1.0
193 7 1.0
193 36 1.0
193 56 1.0
193 112 1.0
194 45 1.0
194 86 1.0
194 114 1.0
194 124 1.0
194 154 1.0
194 169 1.0
195 18 1.0
195 27 1.0
195 35 1.0
195 48 1.0
195 125 1.0
195 141 1.0
195 163 1.0
195 178 1.0
196 80 1.0
196 99 1.0
196 140 1.0
197 72 1.0
197 94 1.0
197 103 1.0
197 105 1.0
197 110 1.0
197 167 1.0
197 180 1.0
197 184 1.0
198 2 1.0
198 24 1.0
198 89 1.0
198 91 1.0
198 136 1.0
198 162 1.0
199 5 1.0
199 15 1.0
199 54 1.0
199 61 1.0
199 82 1.0
199 131 1.0
199 144 1.0
199 170 1.0
201 69 1.0
201 83 1.0
201 102 1.0
201 105 1.0
201 110 1.0
201 143 1.0
201 153 1.0
201 156 1.0
201 178 1.0
201 188 1.0
202 21 1.0
202 67 1.0
202 71 1.0
202 104 1.0
202 187 1.0
203 65 1.0
203 134 1.0
203 150 1.0
203 161 1.0
204 1 1.0
204 9 1.0
204 28 1.0
204 53 1.0
204 76 1.0
204 149 1.0
204 191 1.0
205 70 1.0
205 174 1.0
205 176 1.0
205 182 1.0
206 3 1.0
206 11 1.0
206 18 1.0
206 125 1.0
206 141 1.0
206 163 1.0
206 175 1.0
206 195 1.0
207 13 1.0
207 30 1.0
207 49 1.0
207 81 1.0
207 200 1.0
208 6 1.0
208 30 1.0
208 49 1.0
208 68 1.0
208 113 1.0
208 154 1.0
208 207 1.0
209 69 1.0
209 83 1.0
209 102 1.0
209 143 1.0
209 156 1.0
209 178 1.0
209 188 1.0
209 201 1.0
210 27 1.0
210 33 1.0
210 48 1.0
210 108 1.0
210 163 1.0
211 14 1.0
211 16 1.0
211 78 1.0
211 111 1.0
211 116 1.0
212 12 1.0
212 45 1.0
212 124 1.0
212 160 1.0
212 169 1.0
212 194 1.0
213 4 1.0
213 40 1.0
213 88 1.0
213 117 1.0
213 126 1.0
213 189 1.0
214 52 1.0
214 58 1.0
214 79 1.0
214 100 1.0
214 123 1.0
214 135 1.0
214 169 1.0
215 32 1.0
215 72 1.0
215 107 1.0
215 164 1.0
216 13 1.0
216 30 1.0
216 81 1.0
216 98 1.0
216 200 1.0
216 207 1.0
216 208 1.0
217 17 1.0
217 19 1.0
217 43 1.0
217 64 1.0
217 77 1.0
217 95 1.0
217 116 1.0
217 145 1.0
218 14 1.0
218 94 1.0
218 103 1.0
218 115 1.0
218 137 1.0
218 167 1.0
218 180 1.0
218 184 1.0
218 197 1.0
219 50 1.0
219 75 1.0
219 181 1.0
220 94 1.0
220 103 1.0
220 115 1.0
220 137 1.0
220 167 1.0
220 180 1.0
220 184 1.0
220 197 1.0
220 218 1.0
221 1 1.0
221 11 1.0
221 28 1.0
221 59 1.0
221 76 1.0
221 149 1.0
221 151 1.0
221 157 1.0
221 172 1.0
221 191 1.0
221 204 1.0
222 69 1.0
222 83 1.0
222 142 1.0
222 143 1.0
222 152 1.0
222 153 1.0
222 156 1.0
222 158 1.0
222 178 1.0
222 201 1.0
222 209 1.0
223 28 1.0
223 42 1.0
223 151 1.0
223 157 1.0
223 172 1.0
223 221 1.0
224 20 1.0
224 22 1.0
224 63 1.0
224 129 1.0
224 148 1.0
224 165 1.0
225 14 1.0
225 78 1.0
225 94 1.0
225 115 1.0
225 218 1.0
226 7 1.0
226 36 1.0
226 56 1.0
226 92 1.0
226 112 1.0
226 193 1.0
227 2 1.0
227 24 1.0
227 38 1.0
227 89 1.0
227 162 1.0
227 185 1.0
227 198 1.0
228 27 1.0
228 48 1.0
228 108 1.0
228 125 1.0
228 141 1.0
228 163 1.0
228 195 1.0
228 210 1.0
229 20 1.0
229 118 1.0
229 146 1.0
229 186 1.0
230 42 1.0
231 69 1.0
231 83 1.0
231 110 1.0
231 142 1.0
231 143 1.0
231 152 1.0
231 153 1.0
231 156 1.0
231 201 1.0
231 209 1.0
231 222 1.0
232 38 1.0
232 162 1.0
232 185 1.0
232 227 1.0
233 51 1.0
233 148 1.0
233 150 1.0
233 186 1.0
234 27 1.0
234 33 1.0
234 48 1.0
234 108 1.0
234 125 1.0
234 141 1.0
234 163 1.0
234 210 1.0
234 228 1.0
235 9 1.0
235 12 1.0
235 31 1.0
235 66 1.0
235 149 1.0
236 95 1.0
236 137 1.0
236 180 1.0
236 220 1.0
237 29 1.0
237 38 1.0
237 185 1.0
237 232 1.0
238 6 1.0
238 45 1.0
238 68 1.0
238 114 1.0
238 124 1.0
238 154 1.0
238 160 1.0
238 169 1.0
238 194 1.0
238 212 1.0
239 55 1.0
239 80 1.0
239 99 1.0
239 140 1.0
239 196 1.0
240 21 1.0
240 74 1.0
240 104 1.0
240 130 1.0
240 134 1.0
241 10 1.0
241 23 1.0
241 25 1.0
241 46 1.0
241 60 1.0
241 90 1.0
241 101 1.0
241 139 1.0
241 173 1.0
241 182 1.0
242 10 1.0
242 46 1.0
242 60 1.0
242 90 1.0
242 139 1.0
242 173 1.0
242 181 1.0
242 219 1.0
242 241 1.0
243 16 1.0
243 78 1.0
243 111 1.0
243 116 1.0
243 211 1.0
244 72 1.0
244 83 1.0
244 102 1.0
244 105 1.0
244 107 1.0
244 110 1.0
244 143 1.0
244 156 1.0
244 164 1.0
244 188 1.0
244 201 1.0
244 209 1.0
244 215 1.0
245 20 1.0
245 63 1.0
245 129 1.0
245 146 1.0
245 165 1.0
245 224 1.0
246 17 1.0
246 64 1.0
246 94 1.0
246 95 1.0
246 115 1.0
246 137 1.0
246 180 1.0
246 218 1.0
246 220 1.0
246 236 1.0
247 17 1.0
247 43 1.0
247 64 1.0
247 85 1.0
247 95 1.0
247 137 1.0
247 180 1.0
247 236 1.0
247 246 1.0
248 17 1.0
248 85 1.0
248 95 1.0
248 137 1.0
248 180 1.0
248 220 1.0
248 236 1.0
248 246 1.0
248 247 1.0
249 237 1.0
250 17 1.0
250 19 1.0
250 43 1.0
250 64 1.0
250 77 1.0
250 95 1.0
250 116 1.0
250 145 1.0
250 217 1.0
251 76 1.0
251 237 1.0
251 249 1.0
252 4 1.0
252 40 1.0
252 87 1.0
252 88 1.0
252 117 1.0
252 126 1.0
252 147 1.0
252 168 1.0
252 213 1.0
253 55 1.0
253 132 1.0
253 140 1.0
253 189 1.0
253 196 1.0
253 239 1.0
254 18 1.0
254 35 1.0
254 39 1.0
254 73 1.0
254 152 1.0
254 158 1.0
254 195 1.0
254 206 1.0
255 200 1.0
256 47 1.0
256 77 1.0
256 93 1.0
256 155 1.0
256 190 1.0
257 4 1.0
257 40 1.0
257 55 1.0
257 87 1.0
257 88 1.0
257 126 1.0
257 147 1.0
257 168 1.0
257 189 1.0
257 213 1.0
257 252 1.0
258 51 1.0
258 74 1.0
258 130 1.0
258 134 1.0
258 148 1.0
258 203 1.0
258 233 1.0
258 240 1.0
259 69 1.0
259 110 1.0
259 153 1.0
259 156 1.0
259 180 1.0
259 201 1.0
259 231 1.0
259 236 1.0
259 248 1.0
260 5 1.0
260 15 1.0
260 41 1.0
260 54 1.0
260 61 1.0
260 62 1.0
260 82 1.0
260 131 1.0
260 144 1.0
260 170 1.0
260 199 1.0
261 18 1.0
261 35 1.0
261 39 1.0
261 125 1.0
261 141 1.0
261 152 1.0
261 158 1.0
261 178 1.0
261 195 1.0
261 206 1.0
261 222 1.0
261 254 1.0
262 29 1.0
262 237 1.0
262 245 1.0
263 5 1.0
263 41 1.0
263 54 1.0
263 61 1.0
263 82 1.0
263 144 1.0
263 170 1.0
263 199 1.0
263 260 1.0
264 17 1.0
264 19 1.0
264 43 1.0
264 47 1.0
264 64 1.0
264 77 1.0
264 85 1.0
264 93 1.0
264 145 1.0
264 217 1.0
264 250 1.0
264 256 1.0
265 27 1.0
265 48 1.0
265 108 1.0
265 125 1.0
265 141 1.0
265 163 1.0
265 210 1.0
265 228 1.0
265 234 1.0
266 22 1.0
266 25 1.0
266 44 1.0
266 46 1.0
266 60 1.0
266 90 1.0
266 101 1.0
266 139 1.0
266 173 1.0
266 192 1.0
266 241 1.0
266 242 1.0
267 50 1.0
267 63 1.0
267 129 1.0
267 165 1.0
267 181 1.0
267 219 1.0
268 57 1.0
268 75 1.0
268 91 1.0
268 136 1.0
268 171 1.0
269 109 1.0
269 117 1.0
269 213 1.0
270 10 1.0
270 23 1.0
270 46 1.0
270 90 1.0
270 159 1.0
271 3 1.0
271 31 1.0
271 33 1.0
271 163 1.0
271 175 1.0
271 210 1.0
272 21 1.0
272 65 1.0
272 67 1.0
272 134 1.0
272 161 1.0
272 203 1.0
273 1 1.0
273 9 1.0
273 28 1.0
273 53 1.0
273 66 1.0
273 76 1.0
273 149 1.0
273 191 1.0
273 204 1.0
274 22 1.0
274 129 1.0
274 130 1.0
274 148 1.0
274 165 1.0
274 181 1.0
274 224 1.0
275 7 1.0
275 8 1.0
275 56 1.0
275 92 1.0
275 112 1.0
275 133 1.0
275 193 1.0
275 226 1.0
276 1 1.0
276 9 1.0
276 12 1.0
276 53 1.0
276 66 1.0
276 76 1.0
276 79 1.0
276 149 1.0
276 166 1.0
276 191 1.0
276 204 1.0
276 273 1.0
277 52 1.0
277 58 1.0
277 88 1.0
277 100 1.0
277 123 1.0
277 132 1.0
277 140 1.0
277 189 1.0
277 253 1.0
278 21 1.0
278 65 1.0
278 67 1.0
278 71 1.0
278 187 1.0
278 202 1.0
278 272 1.0
279 70 1.0
279 71 1.0
279 187 1.0
279 202 1.0
280 70 1.0
280 121 1.0
280 122 1.0
280 279 1.0
281 5 1.0
281 37 1.0
281 41 1.0
281 54 1.0
281 61 1.0
281 62 1.0
281 82 1.0
281 127 1.0
281 128 1.0
281 131 1.0
281 138 1.0
281 177 1.0
281 183 1.0
281 260 1.0
281 263 1.0
282 4 1.0
282 55 1.0
282 88 1.0
282 117 1.0
282 132 1.0
282 140 1.0
282 189 1.0
282 213 1.0
282 252 1.0
282 253 1.0
282 257 1.0
282 277 1.0
283 35 1.0
283 39 1.0
283 128 1.0
283 142 1.0
283 152 1.0
283 153 1.0
283 158 1.0
283 183 1.0
283 222 1.0
283 231 1.0
283 254 1.0
283 261 1.0
284 134 1.0
284 150 1.0
284 203 1.0
284 233 1.0
284 258 1.0
285 50 1.0
285 165 1.0
285 181 1.0
285 219 1.0
285 242 1.0
285 267 1.0
286 52 1.0
286 58 1.0
286 100 1.0
286 123 1.0
286 214 1.0
287 8 1.0
287 96 1.0
287 133 1.0
288 34 1.0
288 84 1.0
288 171 1.0
289 5 1.0
289 37 1.0
289 54 1.0
289 61 1.0
289 62 1.0
289 127 1.0
289 131 1.0
289 138 1.0
289 186 1.0
289 281 1.0
290 32 1.0
290 108 1.0
290 265 1.0
291 50 1.0
291 57 1.0
291 75 1.0
291 136 1.0
291 181 1.0
291 219 1.0
291 267 1.0
291 268 1.0
291 285 1.0
292 29 1.0
292 38 1.0
292 232 1.0
292 237 1.0
292 262 1.0
293 1 1.0
293 76 1.0
293 204 1.0
293 223 1.0
293 237 1.0
293 249 1.0
293 251 1.0
294 11 1.0
294 28 1.0
294 59 1.0
294 149 1.0
294 151 1.0
294 157 1.0
294 172 1.0
294 221 1.0
294 223 1.0
295 3 1.0
295 9 1.0
295 31 1.0
295 66 1.0
295 149 1.0
295 235 1.0
296 5 1.0
296 37 1.0
296 41 1.0
296 54 1.0
296 61 1.0
296 62 1.0
296 127 1.0
296 128 1.0
296 138 1.0
296 177 1.0
296 183 1.0
296 263 1.0
296 281 1.0
296 289 1.0
297 7 1.0
297 36 1.0
297 56 1.0
297 92 1.0
297 112 1.0
297 193 1.0
297 226 1.0
297 275 1.0
298 2 1.0
298 40 1.0
298 87 1.0
298 89 1.0
298 96 1.0
298 126 1.0
298 147 1.0
298 162 1.0
298 168 1.0
299 29 1.0
299 38 1.0
299 185 1.0
299 232 1.0
299 237 1.0
299 249 1.0
299 251 1.0
299 262 1.0
299 292 1.0
299 293 1.0
300 27 1.0
300 32 1.0
300 48 1.0
300 108 1.0
300 125 1.0
300 210 1.0
300 228 1.0
300 234 1.0
300 265 1.0
300 290 1.0
301 10 1.0
301 23 1.0
301 46 1.0
301 159 1.0
301 270 1.0
302 15 1.0
302 131 1.0
302 150 1.0
302 199 1.0
303 24 1.0
303 50 1.0
303 57 1.0
303 91 1.0
303 136 1.0
303 198 1.0
303 227 1.0
303 291 1.0
304 6 1.0
304 13 1.0
304 31 1.0
304 271 1.0
305 13 1.0
305 33 1.0
305 81 1.0
305 97 1.0
305 98 1.0
305 210 1.0
305 271 1.0
305 304 1.0
306 65 1.0
306 67 1.0
306 161 1.0
306 187 1.0
306 272 1.0
306 278 1.0
307 2 1.0
307 24 1.0
307 38 1.0
307 87 1.0
307 89 1.0
307 162 1.0
307 168 1.0
307 185 1.0
307 198 1.0
307 227 1.0
307 232 1.0
307 298 1.0
308 1 1.0
308 9 1.0
308 28 1.0
308 53 1.0
308 59 1.0
308 66 1.0
308 76 1.0
308 149 1.0
308 157 1.0
308 191 1.0
308 204 1.0
308 221 1.0
308 273 1.0
308 276 1.0
308 294 1.0
308 295 1.0
309 21 1.0
309 74 1.0
309 104 1.0
309 130 1.0
309 134 1.0
309 240 1.0
309 258 1.0
310 132 1.0
310 140 1.0
310 189 1.0
310 196 1.0
310 253 1.0
310 277 1.0
310 282 1.0
311 200 1.0
311 207 1.0
311 255 1.0
312 4 1.0
312 55 1.0
312 80 1.0
312 88 1.0
312 132 1.0
312 140 1.0
312 189 1.0
312 196 1.0
312 239 1.0
312 253 1.0
312 257 1.0
312 282 1.0
312 310 1.0
313 32 1.0
313 48 1.0
313 83 1.0
313 102 1.0
313 107 1.0
313 143 1.0
313 156 1.0
313 164 1.0
313 178 1.0
313 188 1.0
313 209 1.0
313 244 1.0
313 300 1.0
314 5 1.0
314 37 1.0
314 41 1.0
314 54 1.0
314 61 1.0
314 62 1.0
314 82 1.0
314 128 1.0
314 144 1.0
314 170 1.0
314 177 1.0
314 183 1.0
314 260 1.0
314 263 1.0
314 281 1.0
314 296 1.0
315 34 1.0
315 57 1.0
315 91 1.0
315 136 1.0
315 171 1.0
315 268 1.0
315 288 1.0
316 17 1.0
316 19 1.0
316 43 1.0
316 64 1.0
316 77 1.0
316 85 1.0
316 95 1.0
316 116 1.0
316 145 1.0
316 217 1.0
316 247 1.0
316 250 1.0
316 264 1.0
317 72 1.0
317 102 1.0
317 103 1.0
317 105 1.0
317 110 1.0
317 156 1.0
317 164 1.0
317 167 1.0
317 184 1.0
317 188 1.0
317 197 1.0
317 244 1.0
318 21 1.0
318 44 1.0
318 71 1.0
318 104 1.0
318 134 1.0
318 192 1.0
318 202 1.0
318 240 1.0
318 309 1.0
319 16 1.0
319 111 1.0
319 116 1.0
319 145 1.0
319 211 1.0
319 243 1.0
319 250 1.0
320 26 1.0
320 33 1.0
320 81 1.0
320 97 1.0
320 98 1.0
320 108 1.0
320 179 1.0
320 305 1.0
321 41 1.0
321 142 1.0
321 144 1.0
321 153 1.0
321 170 1.0
321 183 1.0
321 236 1.0
321 247 1.0
321 248 1.0
321 263 1.0
321 314 1.0
322 30 1.0
322 49 1.0
322 86 1.0
322 113 1.0
322 114 1.0
322 154 1.0
322 208 1.0
323 69 1.0
323 72 1.0
323 83 1.0
323 102 1.0
323 105 1.0
323 110 1.0
323 143 1.0
323 156 1.0
323 164 1.0
323 184 1.0
323 188 1.0
323 197 1.0
323 201 1.0
323 244 1.0
323 317 1.0
324 5 1.0
324 41 1.0
324 54 1.0
324 61 1.0
324 82 1.0
324 144 1.0
324 170 1.0
324 177 1.0
324 183 1.0
324 199 1.0
324 260 1.0
324 263 1.0
324 281 1.0
324 296 1.0
324 314 1.0
324 321 1.0
325 45 1.0
325 52 1.0
325 58 1.0
325 100 1.0
325 123 1.0
325 169 1.0
325 214 1.0
325 286 1.0
326 50 1.0
326 181 1.0
326 219 1.0
326 267 1.0
326 285 1.0
326 291 1.0
327 32 1.0
327 48 1.0
327 107 1.0
327 143 1.0
327 164 1.0
327 178 1.0
327 188 1.0
327 209 1.0
327 215 1.0
327 244 1.0
327 300 1.0
327 313 1.0
328 4 1.0
328 88 1.0
328 117 1.0
328 213 1.0
328 252 1.0
328 269 1.0
328 282 1.0
329 14 1.0
329 16 1.0
329 78 1.0
329 111 1.0
329 116 1.0
329 211 1.0
329 243 1.0
329 319 1.0
330 70 1.0
330 121 1.0
330 122 1.0
330 280 1.0
331 12 1.0
331 45 1.0
331 79 1.0
331 124 1.0
331 135 1.0
331 160 1.0
331 166 1.0
331 212 1.0
331 238 1.0
332 57 1.0
332 75 1.0
332 91 1.0
332 136 1.0
332 171 1.0
332 268 1.0
332 291 1.0
332 315 1.0
333 22 1.0
333 60 1.0
333 129 1.0
333 173 1.0
333 181 1.0
333 224 1.0
333 242 1.0
333 266 1.0
333 274 1.0
333 285 1.0
334 47 1.0
334 77 1.0
334 82 1.0
334 85 1.0
334 144 1.0
334 170 1.0
334 256 1.0
334 264 1.0
335 29 1.0
335 38 1.0
335 185 1.0
335 232 1.0
335 237 1.0
335 249 1.0
335 251 1.0
335 292 1.0
335 299 1.0
336 16 1.0
336 17 1.0
336 19 1.0
336 43 1.0
336 64 1.0
336 95 1.0
336 116 1.0
336 145 1.0
336 211 1.0
336 217 1.0
336 250 1.0
336 316 1.0
336 319 1.0
336 329 1.0
337 27 1.0
337 33 1.0
337 48 1.0
337 108 1.0
337 163 1.0
337 210 1.0
337 228 1.0
337 234 1.0
337 265 1.0
337 300 1.0
338 8 1.0
338 92 1.0
338 119 1.0
338 133 1.0
338 275 1.0
338 287 1.0
339 26 1.0
339 97 1.0
339 98 1.0
339 179 1.0
339 320 1.0
340 57 1.0
340 75 1.0
340 171 1.0
340 268 1.0
340 315 1.0
340 332 1.0
341 5 1.0
341 41 1.0
341 54 1.0
341 61 1.0
341 82 1.0
341 144 1.0
341 170 1.0
341 183 1.0
341 260 1.0
341 263 1.0
341 281 1.0
341 296 1.0
341 314 1.0
341 321 1.0
341 324 1.0
342 32 1.0
342 108 1.0
342 290 1.0
342 300 1.0
343 128 1.0
343 142 1.0
343 152 1.0
343 153 1.0
343 158 1.0
343 177 1.0
343 183 1.0
343 222 1.0
343 231 1.0
343 283 1.0
343 296 1.0
344 76 1.0
344 204 1.0
344 237 1.0
344 249 1.0
344 251 1.0
344 293 1.0
344 299 1.0
344 335 1.0
345 20 1.0
345 29 1.0
345 63 1.0
345 146 1.0
345 245 1.0
345 262 1.0
346 47 1.0
346 77 1.0
346 93 1.0
346 155 1.0
346 190 1.0
346 256 1.0
347 4 1.0
347 40 1.0
347 88 1.0
347 117 1.0
347 126 1.0
347 213 1.0
347 252 1.0
347 257 1.0
347 269 1.0
347 328 1.0
348 11 1.0
348 28 1.0
348 42 1.0
348 59 1.0
348 151 1.0
348 157 1.0
348 172 1.0
348 221 1.0
348 223 1.0
348 294 1.0
349 10 1.0
349 25 1.0
349 46 1.0
349 60 1.0
349 90 1.0
349 101 1.0
349 139 1.0
349 173 1.0
349 182 1.0
349 192 1.0
349 241 1.0
349 242 1.0
349 266 1.0
350 35 1.0
350 39 1.0
350 73 1.0
350 128 1.0
350 152 1.0
350 158 1.0
350 254 1.0
350 261 1.0
350 283 1.0
350 343 1.0
351 27 1.0
351 32 1.0
351 48 1.0
351 107 1.0
351 125 1.0
351 141 1.0
351 210 1.0
351 228 1.0
351 234 1.0
351 265 1.0
351 290 1.0
351 300 1.0
351 313 1.0
351 327 1.0
351 337 1.0
352 1 1.0
352 9 1.0
352 12 1.0
352 53 1.0
352 66 1.0
352 76 1.0
352 79 1.0
352 109 1.0
352 166 1.0
352 191 1.0
352 204 1.0
352 273 1.0
352 276 1.0
352 308 1.0
353 24 1.0
353 50 1.0
353 57 1.0
353 89 1.0
353 91 1.0
353 136 1.0
353 198 1.0
353 227 1.0
353 268 1.0
353 291 1.0
353 303 1.0
353 332 1.0
354 15 1.0
354 54 1.0
354 82 1.0
354 131 1.0
354 199 1.0
354 260 1.0
354 302 1.0
355 29 1.0
355 38 1.0
355 162 1.0
355 185 1.0
355 198 1.0
355 227 1.0
355 232 1.0
355 292 1.0
355 299 1.0
355 303 1.0
355 307 1.0
355 335 1.0
356 45 1.0
356 49 1.0
356 86 1.0
356 114 1.0
356 124 1.0
356 154 1.0
356 169 1.0
356 194 1.0
356 238 1.0
356 322 1.0
357 3 1.0
357 27 1.0
357 33 1.0
357 108 1.0
357 163 1.0
357 210 1.0
357 234 1.0
357 265 1.0
357 271 1.0
357 305 1.0
357 337 1.0
358 11 1.0
358 42 1.0
358 73 1.0
358 151 1.0
358 157 1.0
358 172 1.0
358 221 1.0
358 223 1.0
358 294 1.0
358 348 1.0
359 70 1.0
359 121 1.0
359 122 1.0
359 280 1.0
359 330 1.0
360 50 1.0
360 165 1.0
360 181 1.0
360 219 1.0
360 267 1.0
360 285 1.0
360 291 1.0
360 326 1.0
361 58 1.0
361 79 1.0
361 100 1.0
361 109 1.0
361 117 1.0
361 123 1.0
361 135 1.0
361 166 1.0
361 214 1.0
361 286 1.0
362 79 1.0
362 109 1.0
362 117 1.0
362 135 1.0
362 166 1.0
362 269 1.0
362 328 1.0
362 352 1.0
362 361 1.0
363 47 1.0
363 93 1.0
363 155 1.0
363 190 1.0
363 256 1.0
363 346 1.0
364 117 1.0
364 213 1.0
364 249 1.0
364 251 1.0
364 269 1.0
364 328 1.0
364 344 1.0
364 347 1.0
364 362 1.0
365 21 1.0
365 65 1.0
365 67 1.0
365 71 1.0
365 104 1.0
365 134 1.0
365 187 1.0
365 202 1.0
365 272 1.0
365 278 1.0
365 306 1.0
365 318 1.0
366 44 1.0
366 60 1.0
366 71 1.0
366 101 1.0
366 104 1.0
366 139 1.0
366 192 1.0
366 202 1.0
366 240 1.0
366 318 1.0
367 9 1.0
367 28 1.0
367 31 1.0
367 53 1.0
367 59 1.0
367 66 1.0
367 149 1.0
367 191 1.0
367 221 1.0
367 235 1.0
367 295 1.0
367 308 1.0
368 26 1.0
368 81 1.0
368 97 1.0
368 98 1.0
368 179 1.0
368 200 1.0
368 320 1.0
368 339 1.0
369 50 1.0
369 63 1.0
369 165 1.0
369 267 1.0
369 291 1.0
369 292 1.0
369 303 1.0
369 326 1.0
369 355 1.0
369 360 1.0
370 32 1.0
370 107 1.0
370 290 1.0
370 300 1.0
370 342 1.0
370 351 1.0
371 2 1.0
371 24 1.0
371 34 1.0
371 84 1.0
371 91 1.0
371 96 1.0
371 119 1.0
371 136 1.0
371 288 1.0
372 45 1.0
372 52 1.0
372 58 1.0
372 79 1.0
372 100 1.0
372 123 1.0
372 135 1.0
372 160 1.0
372 166 1.0
372 169 1.0
372 212 1.0
372 214 1.0
372 286 1.0
372 325 1.0
372 331 1.0
372 361 1.0
373 21 1.0
373 65 1.0
373 67 1.0
373 134 1.0
373 150 1.0
373 203 1.0
373 240 1.0
373 258 1.0
373 272 1.0
373 284 1.0
373 309 1.0
373 365 1.0
374 20 1.0
374 118 1.0
374 146 1.0
374 186 1.0
374 229 1.0
375 2 1.0
375 24 1.0
375 34 1.0
375 84 1.0
375 89 1.0
375 91 1.0
375 96 1.0
375 119 1.0
375 136 1.0
375 198 1.0
375 227 1.0
375 298 1.0
375 371 1.0
376 3 1.0
376 27 1.0
376 33 1.0
376 48 1.0
376 108 1.0
376 125 1.0
376 141 1.0
376 163 1.0
376 210 1.0
376 228 1.0
376 234 1.0
376 265 1.0
376 271 1.0
376 337 1.0
376 357 1.0
377 5 1.0
377 37 1.0
377 54 1.0
377 61 1.0
377 62 1.0
377 127 1.0
377 131 1.0
377 138 1.0
377 186 1.0
377 260 1.0
377 281 1.0
377 289 1.0
377 354 1.0
378 15 1.0
378 51 1.0
378 150 1.0
378 203 1.0
378 233 1.0
378 258 1.0
378 284 1.0
378 302 1.0
379 4 1.0
379 40 1.0
379 55 1.0
379 80 1.0
379 88 1.0
379 126 1.0
379 140 1.0
379 147 1.0
379 168 1.0
379 189 1.0
379 213 1.0
379 252 1.0
379 253 1.0
379 257 1.0
379 282 1.0
379 312 1.0
380 32 1.0
380 107 1.0
380 108 1.0
380 265 1.0
380 290 1.0
380 300 1.0
380 327 1.0
380 342 1.0
380 351 1.0
380 370 1.0
381 14 1.0
381 16 1.0
381 78 1.0
381 94 1.0
381 115 1.0
381 116 1.0
381 137 1.0
381 211 1.0
381 218 1.0
381 220 1.0
381 225 1.0
381 246 1.0
382 3 1.0
382 18 1.0
382 27 1.0
382 125 1.0
382 141 1.0
382 163 1.0
382 175 1.0
382 195 1.0
382 206 1.0
382 228 1.0
382 234 1.0
382 261 1.0
382 376 1.0
383 33 1.0
383 81 1.0
383 108 1.0
383 210 1.0
383 234 1.0
383 271 1.0
383 305 1.0
383 320 1.0
383 337 1.0
383 357 1.0
383 376 1.0
384 65 1.0
384 134 1.0
384 150 1.0
384 203 1.0
384 258 1.0
384 272 1.0
384 284 1.0
384 309 1.0
384 373 1.0
384 378 1.0
385 22 1.0
385 46 1.0
385 129 1.0
385 173 1.0
385 181 1.0
385 219 1.0
385 242 1.0
385 266 1.0
385 274 1.0
385 285 1.0
385 326 1.0
385 333 1.0
385 360 1.0
386 5 1.0
386 41 1.0
386 128 1.0
386 142 1.0
386 153 1.0
386 177 1.0
386 183 1.0
386 263 1.0
386 281 1.0
386 296 1.0
386 314 1.0
386 321 1.0
386 324 1.0
386 341 1.0
386 343 1.0
387 25 1.0
387 90 1.0
387 101 1.0
387 174 1.0
387 182 1.0
387 241 1.0
387 270 1.0
387 349 1.0
388 22 1.0
388 129 1.0
388 165 1.0
388 181 1.0
388 219 1.0
388 224 1.0
388 242 1.0
388 267 1.0
388 274 1.0
388 285 1.0
388 326 1.0
388 333 1.0
388 360 1.0
388 385 1.0
389 38 1.0
389 185 1.0
389 232 1.0
389 237 1.0
389 249 1.0
389 251 1.0
389 293 1.0
389 299 1.0
389 335 1.0
389 344 1.0
389 347 1.0
389 364 1.0
390 18 1.0
390 27 1.0
390 35 1.0
390 48 1.0
390 125 1.0
390 141 1.0
390 158 1.0
390 178 1.0
390 195 1.0
390 206 1.0
390 254 1.0
390 261 1.0
390 382 1.0
391 29 1.0
391 38 1.0
391 232 1.0
391 237 1.0
391 249 1.0
391 262 1.0
391 292 1.0
391 299 1.0
391 335 1.0
391 355 1.0
392 8 1.0
392 55 1.0
392 80 1.0
392 99 1.0
392 112 1.0
392 239 1.0
392 287 1.0
393 27 1.0
393 33 1.0
393 48 1.0
393 108 1.0
393 125 1.0
393 141 1.0
393 163 1.0
393 195 1.0
393 210 1.0
393 228 1.0
393 234 1.0
393 265 1.0
393 300 1.0
393 337 1.0
393 351 1.0
393 357 1.0
393 376 1.0
393 382 1.0
393 383 1.0
394 70 1.0
394 176 1.0
394 182 1.0
394 192 1.0
394 205 1.0
394 279 1.0
394 280 1.0
395 65 1.0
395 106 1.0
395 120 1.0
395 150 1.0
395 161 1.0
395 203 1.0
396 35 1.0
396 39 1.0
396 73 1.0
396 128 1.0
396 142 1.0
396 152 1.0
396 158 1.0
396 177 1.0
396 183 1.0
396 254 1.0
396 261 1.0
396 283 1.0
396 343 1.0
396 350 1.0
397 50 1.0
397 129 1.0
397 165 1.0
397 181 1.0
397 219 1.0
397 267 1.0
397 285 1.0
397 291 1.0
397 326 1.0
397 360 1.0
397 369 1.0
397 385 1.0
397 388 1.0
398 14 1.0
398 16 1.0
398 78 1.0
398 111 1.0
398 115 1.0
398 116 1.0
398 211 1.0
398 225 1.0
398 243 1.0
398 329 1.0
398 381 1.0
399 10 1.0
399 23 1.0
399 46 1.0
399 90 1.0
399 173 1.0
399 181 1.0
399 219 1.0
399 241 1.0
399 242 1.0
399 266 1.0
399 285 1.0
399 333 1.0
399 360 1.0
399 385 1.0
399 388 1.0
400 22 1.0
400 60 1.0
400 129 1.0
400 173 1.0
400 181 1.0
400 219 1.0
400 224 1.0
400 242 1.0
400 266 1.0
400 274 1.0
400 285 1.0
400 333 1.0
400 360 1.0
400 385 1.0
400 388 1.0
400 399 1.0
401 6 1.0
401 30 1.0
401 49 1.0
401 68 1.0
401 86 1.0
401 113 1.0
401 114 1.0
401 124 1.0
401 154 1.0
401 208 1.0
401 238 1.0
401 322 1.0
401 356 1.0
402 9 1.0
402 12 1.0
402 31 1.0
402 53 1.0
402 66 1.0
402 149 1.0
402 160 1.0
402 235 1.0
402 276 1.0
402 295 1.0
402 308 1.0
402 367 1.0
403 8 1.0
403 55 1.0
403 80 1.0
403 287 1.0
403 392 1.0
404 24 1.0
404 50 1.0
404 57 1.0
404 75 1.0
404 91 1.0
404 136 1.0
404 198 1.0
404 268 1.0
404 291 1.0
404 303 1.0
404 315 1.0
404 326 1.0
404 332 1.0
404 353 1.0
405 45 1.0
405 58 1.0
405 79 1.0
405 100 1.0
405 123 1.0
405 135 1.0
405 160 1.0
405 166 1.0
405 169 1.0
405 212 1.0
405 214 1.0
405 286 1.0
405 325 1.0
405 331 1.0
405 361 1.0
405 372 1.0
406 7 1.0
406 8 1.0
406 36 1.0
406 56 1.0
406 92 1.0
406 112 1.0
406 133 1.0
406 193 1.0
406 226 1.0
406 275 1.0
406 287 1.0
406 297 1.0
406 392 1.0
407 15 1.0
407 131 1.0
407 150 1.0
407 233 1.0
407 284 1.0
407 302 1.0
407 354 1.0
407 377 1.0
407 378 1.0
408 69 1.0
408 83 1.0
408 110 1.0
408 142 1.0
408 153 1.0
408 156 1.0
408 201 1.0
408 231 1.0
408 236 1.0
408 248 1.0
408 259 1.0
409 30 1.0
409 49 1.0
409 68 1.0
409 86 1.0
409 113 1.0
409 154 1.0
409 207 1.0
409 208 1.0
409 216 1.0
409 322 1.0
409 401 1.0
410 51 1.0
410 148 1.0
410 186 1.0
410 233 1.0
410 258 1.0
410 378 1.0
410 407 1.0
411 14 1.0
411 16 1.0
411 78 1.0
411 115 1.0
411 116 1.0
411 211 1.0
411 225 1.0
411 329 1.0
411 381 1.0
411 398 1.0
412 5 1.0
412 41 1.0
412 54 1.0
412 82 1.0
412 85 1.0
412 144 1.0
412 170 1.0
412 199 1.0
412 260 1.0
412 263 1.0
412 281 1.0
412 314 1.0
412 321 1.0
412 324 1.0
412 334 1.0
412 341 1.0
413 1 1.0
413 28 1.0
413 59 1.0
413 76 1.0
413 149 1.0
413 151 1.0
413 157 1.0
413 172 1.0
413 191 1.0
413 204 1.0
413 221 1.0
413 223 1.0
413 273 1.0
413 294 1.0
413 308 1.0
413 348 1.0
413 367 1.0
414 2 1.0
414 38 1.0
414 40 1.0
414 87 1.0
414 89 1.0
414 126 1.0
414 147 1.0
414 162 1.0
414 168 1.0
414 185 1.0
414 227 1.0
414 232 1.0
414 298 1.0
414 307 1.0
415 75 1.0
415 159 1.0
415 171 1.0
415 268 1.0
415 315 1.0
415 340 1.0
416 84 1.0
416 96 1.0
416 119 1.0
416 133 1.0
416 338 1.0
417 185 1.0
417 237 1.0
417 249 1.0
417 251 1.0
417 293 1.0
417 299 1.0
417 335 1.0
417 344 1.0
417 364 1.0
417 389 1.0
418 28 1.0
418 42 1.0
418 151 1.0
418 157 1.0
418 172 1.0
418 221 1.0
418 223 1.0
418 230 1.0
418 294 1.0
418 348 1.0
418 358 1.0
418 413 1.0
419 1 1.0
419 9 1.0
419 28 1.0
419 53 1.0
419 66 1.0
419 76 1.0
419 149 1.0
419 157 1.0
419 191 1.0
419 204 1.0
419 221 1.0
419 273 1.0
419 276 1.0
419 308 1.0
419 352 1.0
419 413 1.0
420 70 1.0
420 121 1.0
420 122 1.0
420 176 1.0
420 205 1.0
420 279 1.0
420 280 1.0
420 330 1.0
420 359 1.0
420 394 1.0
421 15 1.0
421 54 1.0
421 82 1.0
421 131 1.0
421 144 1.0
421 170 1.0
421 199 1.0
421 260 1.0
421 263 1.0
421 302 1.0
421 354 1.0
421 412 1.0
422 14 1.0
422 16 1.0
422 78 1.0
422 111 1.0
422 115 1.0
422 116 1.0
422 211 1.0
422 225 1.0
422 329 1.0
422 381 1.0
422 398 1.0
422 411 1.0
423 4 1.0
423 40 1.0
423 88 1.0
423 117 1.0
423 126 1.0
423 213 1.0
423 252 1.0
423 257 1.0
423 269 1.0
423 282 1.0
423 328 1.0
423 347 1.0
423 362 1.0
423 364 1.0
423 379 1.0
424 51 1.0
424 134 1.0
424 150 1.0
424 203 1.0
424 233 1.0
424 258 1.0
424 284 1.0
424 373 1.0
424 378 1.0
424 384 1.0
424 407 1.0
425 6 1.0
425 30 1.0
425 49 1.0
425 68 1.0
425 154 1.0
425 208 1.0
425 238 1.0
425 304 1.0
425 401 1.0
426 1 1.0
426 76 1.0
426 204 1.0
426 237 1.0
426 249 1.0
426 251 1.0
426 269 1.0
426 273 1.0
426 293 1.0
426 344 1.0
426 352 1.0
426 364 1.0
426 389 1.0
426 417 1.0
427 14 1.0
427 16 1.0
427 78 1.0
427 111 1.0
427 115 1.0
427 116 1.0
427 211 1.0
427 225 1.0
427 329 1.0
427 381 1.0
427 398 1.0
427 411 1.0
427 422 1.0
428 27 1.0
428 32 1.0
428 48 1.0
428 107 1.0
428 228 1.0
428 265 1.0
428 290 1.0
428 300 1.0
428 313 1.0
428 327 1.0
428 351 1.0
428 370 1.0
428 380 1.0
429 17 1.0
429 41 1.0
429 77 1.0
429 85 1.0
429 95 1.0
429 144 1.0
429 170 1.0
429 236 1.0
429 247 1.0
429 248 1.0
429 263 1.0
429 264 1.0
429 316 1.0
429 321 1.0
429 334 1.0
429 341 1.0
429 412 1.0
430 40 1.0
430 55 1.0
430 87 1.0
430 126 1.0
430 147 1.0
430 168 1.0
430 252 1.0
430 257 1.0
430 298 1.0
430 379 1.0
430 403 1.0
430 414 1.0
431 5 1.0
431 37 1.0
431 41 1.0
431 54 1.0
431 61 1.0
431 62 1.0
431 82 1.0
431 128 1.0
431 131 1.0
431 138 1.0
431 144 1.0
431 170 1.0
431 177 1.0
431 183 1.0
431 260 1.0
431 263 1.0
431 281 1.0
431 296 1.0
431 314 1.0
431 321 1.0
431 324 1.0
431 341 1.0
431 386 1.0
431 412 1.0
432 15 1.0
432 106 1.0
432 120 1.0
432 155 1.0
432 190 1.0
432 302 1.0
432 395 1.0
433 14 1.0
433 16 1.0
433 43 1.0
433 64 1.0
433 78 1.0
433 95 1.0
433 111 1.0
433 116 1.0
433 211 1.0
433 243 1.0
433 250 1.0
433 319 1.0
433 329 1.0
433 336 1.0
433 381 1.0
433 398 1.0
433 411 1.0
433 422 1.0
433 427 1.0
434 35 1.0
434 39 1.0
434 73 1.0
434 254 1.0
434 350 1.0
434 358 1.0
434 396 1.0
435 3 1.0
435 13 1.0
435 31 1.0
435 33 1.0
435 271 1.0
435 295 1.0
435 304 1.0
435 305 1.0
435 357 1.0
435 376 1.0
435 383 1.0
436 37 1.0
436 62 1.0
436 118 1.0
436 127 1.0
436 138 1.0
436 186 1.0
436 229 1.0
436 230 1.0
436 289 1.0
436 374 1.0
437 27 1.0
437 48 1.0
437 107 1.0
437 125 1.0
437 141 1.0
437 143 1.0
437 178 1.0
437 195 1.0
437 209 1.0
437 228 1.0
437 234 1.0
437 265 1.0
437 300 1.0
437 313 1.0
437 327 1.0
437 351 1.0
437 393 1.0
437 428 1.0
438 51 1.0
438 150 1.0
438 186 1.0
438 233 1.0
438 258 1.0
438 284 1.0
438 377 1.0
438 378 1.0
438 407 1.0
438 410 1.0
438 424 1.0
439 4 1.0
439 55 1.0
439 88 1.0
439 117 1.0
439 132 1.0
439 140 1.0
439 189 1.0
439 213 1.0
439 252 1.0
439 253 1.0
439 257 1.0
439 277 1.0
439 282 1.0
439 312 1.0
439 328 1.0
439 347 1.0
439 379 1.0
439 423 1.0
440 65 1.0
440 67 1.0
440 106 1.0
440 150 1.0
440 161 1.0
440 203 1.0
440 272 1.0
440 278 1.0
440 306 1.0
440 373 1.0
440 384 1.0
440 395 1.0
441 6 1.0
441 31 1.0
441 68 1.0
441 208 1.0
441 235 1.0
441 295 1.0
441 304 1.0
441 401 1.0
441 402 1.0
441 425 1.0
442 3 1.0
442 31 1.0
442 33 1.0
442 163 1.0
442 175 1.0
442 271 1.0
442 304 1.0
442 357 1.0
442 376 1.0
442 382 1.0
442 435 1.0
443 33 1.0
443 108 1.0
443 210 1.0
443 265 1.0
443 290 1.0
443 320 1.0
443 337 1.0
443 339 1.0
443 342 1.0
443 357 1.0
443 380 1.0
443 383 1.0
444 2 1.0
444 24 1.0
444 87 1.0
444 89 1.0
444 96 1.0
444 162 1.0
444 198 1.0
444 227 1.0
444 298 1.0
444 307 1.0
444 375 1.0
444 414 1.0
445 69 1.0
445 83 1.0
445 102 1.0
445 143 1.0
445 156 1.0
445 178 1.0
445 188 1.0
445 201 1.0
445 209 1.0
445 222 1.0
445 231 1.0
445 244 1.0
445 283 1.0
445 313 1.0
445 327 1.0
446 42 1.0
446 223 1.0
446 230 1.0
446 245 1.0
446 262 1.0
446 345 1.0
447 47 1.0
447 93 1.0
447 155 1.0
447 190 1.0
447 256 1.0
447 346 1.0
447 363 1.0
448 1 1.0
448 11 1.0
448 28 1.0
448 42 1.0
448 59 1.0
448 151 1.0
448 157 1.0
448 172 1.0
448 221 1.0
448 223 1.0
448 294 1.0
448 348 1.0
448 358 1.0
448 413 1.0
448 418 1.0
448 419 1.0
449 25 1.0
449 101 1.0
449 174 1.0
449 176 1.0
449 182 1.0
449 192 1.0
449 205 1.0
449 387 1.0
449 394 1.0
449 420 1.0
450 7 1.0
450 8 1.0
450 56 1.0
450 92 1.0
450 112 1.0
450 133 1.0
450 275 1.0
450 287 1.0
450 338 1.0
450 406 1.0
450 416 1.0
451 27 1.0
451 48 1.0
451 108 1.0
451 125 1.0
451 141 1.0
451 163 1.0
451 210 1.0
451 228 1.0
451 234 1.0
451 265 1.0
451 290 1.0
451 300 1.0
451 337 1.0
451 351 1.0
451 376 1.0
451 380 1.0
451 393 1.0
451 428 1.0
451 437 1.0
451 443 1.0
452 2 1.0
452 40 1.0
452 87 1.0
452 89 1.0
452 96 1.0
452 126 1.0
452 147 1.0
452 162 1.0
452 168 1.0
452 227 1.0
452 257 1.0
452 298 1.0
452 307 1.0
452 414 1.0
452 430 1.0
452 444 1.0
453 2 1.0
453 24 1.0
453 34 1.0
453 84 1.0
453 89 1.0
453 91 1.0
453 96 1.0
453 119 1.0
453 288 1.0
453 371 1.0
453 375 1.0
453 444 1.0
454 32 1.0
454 72 1.0
454 102 1.0
454 105 1.0
454 107 1.0
454 143 1.0
454 164 1.0
454 188 1.0
454 215 1.0
454 244 1.0
454 313 1.0
454 317 1.0
454 323 1.0
454 327 1.0
455 37 1.0
455 62 1.0
455 118 1.0
455 127 1.0
455 138 1.0
455 186 1.0
455 229 1.0
455 289 1.0
455 296 1.0
455 374 1.0
455 377 1.0
455 436 1.0
456 51 1.0
456 118 1.0
456 127 1.0
456 131 1.0
456 186 1.0
456 233 1.0
456 289 1.0
456 377 1.0
456 378 1.0
456 407 1.0
456 410 1.0
456 438 1.0
457 22 1.0
457 25 1.0
457 44 1.0
457 60 1.0
457 90 1.0
457 101 1.0
457 139 1.0
457 173 1.0
457 192 1.0
457 241 1.0
457 266 1.0
457 333 1.0
457 349 1.0
457 366 1.0
457 400 1.0
458 14 1.0
458 16 1.0
458 78 1.0
458 111 1.0
458 115 1.0
458 116 1.0
458 211 1.0
458 225 1.0
458 243 1.0
458 329 1.0
458 336 1.0
458 381 1.0
458 398 1.0
458 411 1.0
458 422 1.0
458 427 1.0
458 433 1.0
459 14 1.0
459 16 1.0
459 17 1.0
459 43 1.0
459 64 1.0
459 94 1.0
459 95 1.0
459 115 1.0
459 116 1.0
459 137 1.0
459 211 1.0
459 218 1.0
459 220 1.0
459 225 1.0
459 246 1.0
459 336 1.0
459 381 1.0
459 398 1.0
459 411 1.0
459 422 1.0
459 427 1.0
459 433 1.0
459 458 1.0
460 3 1.0
460 13 1.0
460 31 1.0
460 271 1.0
460 304 1.0
460 305 1.0
460 357 1.0
460 435 1.0
460 441 1.0
460 442 1.0
461 5 1.0
461 15 1.0
461 37 1.0
461 54 1.0
461 61 1.0
461 62 1.0
461 127 1.0
461 131 1.0
461 199 1.0
461 260 1.0
461 281 1.0
461 289 1.0
461 302 1.0
461 354 1.0
461 377 1.0
461 407 1.0
461 421 1.0
461 431 1.0
461 438 1.0
461 456 1.0
462 22 1.0
462 44 1.0
462 60 1.0
462 74 1.0
462 104 1.0
462 130 1.0
462 139 1.0
462 173 1.0
462 192 1.0
462 240 1.0
462 309 1.0
462 318 1.0
462 366 1.0
462 457 1.0
463 4 1.0
463 40 1.0
463 55 1.0
463 87 1.0
463 126 1.0
463 147 1.0
463 168 1.0
463 252 1.0
463 257 1.0
463 298 1.0
463 379 1.0
463 430 1.0
463 452 1.0
464 69 1.0
464 83 1.0
464 105 1.0
464 110 1.0
464 153 1.0
464 156 1.0
464 180 1.0
464 201 1.0
464 231 1.0
464 236 1.0
464 248 1.0
464 259 1.0
464 408 1.0
465 179 1.0
465 200 1.0
465 311 1.0
465 368 1.0
466 8 1.0
466 55 1.0
466 80 1.0
466 147 1.0
466 168 1.0
466 287 1.0
466 298 1.0
466 392 1.0
466 403 1.0
466 430 1.0
466 463 1.0
467 20 1.0
467 118 1.0
467 146 1.0
467 186 1.0
467 229 1.0
467 230 1.0
467 245 1.0
467 374 1.0
467 436 1.0
467 446 1.0
467 455 1.0
468 11 1.0
468 28 1.0
468 42 1.0
468 59 1.0
468 151 1.0
468 157 1.0
468 172 1.0
468 221 1.0
468 223 1.0
468 294 1.0
468 348 1.0
468 358 1.0
468 413 1.0
468 418 1.0
468 448 1.0
469 57 1.0
469 75 1.0
469 91 1.0
469 136 1.0
469 171 1.0
469 268 1.0
469 315 1.0
469 332 1.0
469 340 1.0
469 404 1.0
469 415 1.0
470 34 1.0
470 84 1.0
470 171 1.0
470 288 1.0
470 315 1.0
470 371 1.0
471 32 1.0
471 48 1.0
471 107 1.0
471 143 1.0
471 178 1.0
471 188 1.0
471 209 1.0
471 228 1.0
471 244 1.0
471 265 1.0
471 300 1.0
471 313 1.0
471 327 1.0
471 351 1.0
471 380 1.0
471 428 1.0
471 437 1.0
471 445 1.0
471 451 1.0
471 454 1.0
472 16 1.0
472 17 1.0
472 43 1.0
472 64 1.0
472 78 1.0
472 95 1.0
472 111 1.0
472 116 1.0
472 145 1.0
472 211 1.0
472 217 1.0
472 243 1.0
472 250 1.0
472 316 1.0
472 319 1.0
472 329 1.0
472 336 1.0
472 381 1.0
472 398 1.0
472 411 1.0
472 422 1.0
472 427 1.0
472 433 1.0
472 458 1.0
472 459 1.0
473 6 1.0
473 13 1.0
473 30 1.0
473 49 1.0
473 68 1.0
473 154 1.0
473 208 1.0
473 304 1.0
473 401 1.0
473 425 1.0
473 441 1.0
473 460 1.0
474 2 1.0
474 24 1.0
474 34 1.0
474 89 1.0
474 91 1.0
474 96 1.0
474 119 1.0
474 136 1.0
474 162 1.0
474 198 1.0
474 227 1.0
474 298 1.0
474 307 1.0
474 353 1.0
474 371 1.0
474 375 1.0
474 444 1.0
474 453 1.0
475 200 1.0
475 255 1.0
475 311 1.0
475 465 1.0
476 29 1.0
476 237 1.0
476 262 1.0
476 292 1.0
476 293 1.0
476 299 1.0
476 345 1.0
476 391 1.0
476 446 1.0
477 2 1.0
477 24 1.0
477 34 1.0
477 89 1.0
477 91 1.0
477 96 1.0
477 136 1.0
477 162 1.0
477 198 1.0
477 227 1.0
477 307 1.0
477 353 1.0
477 371 1.0
477 375 1.0
477 444 1.0
477 453 1.0
477 474 1.0
478 35 1.0
478 69 1.0
478 83 1.0
478 142 1.0
478 143 1.0
478 152 1.0
478 153 1.0
478 156 1.0
478 158 1.0
478 178 1.0
478 201 1.0
478 209 1.0
478 222 1.0
478 231 1.0
478 283 1.0
478 343 1.0
478 396 1.0
478 408 1.0
478 445 1.0
478 464 1.0
479 1 1.0
479 29 1.0
479 223 1.0
479 237 1.0
479 249 1.0
479 251 1.0
479 262 1.0
479 293 1.0
479 299 1.0
479 344 1.0
479 389 1.0
479 391 1.0
479 417 1.0
479 426 1.0
479 476 1.0
480 35 1.0
480 39 1.0
480 128 1.0
480 142 1.0
480 152 1.0
480 153 1.0
480 158 1.0
480 177 1.0
480 183 1.0
480 222 1.0
480 254 1.0
480 261 1.0
480 283 1.0
480 343 1.0
480 350 1.0
480 386 1.0
480 396 1.0
480 478 1.0
481 58 1.0
481 79 1.0
481 100 1.0
481 109 1.0
481 123 1.0
481 135 1.0
481 166 1.0
481 214 1.0
481 286 1.0
481 361 1.0
481 362 1.0
481 372 1.0
481 405 1.0
482 55 1.0
482 80 1.0
482 99 1.0
482 140 1.0
482 189 1.0
482 196 1.0
482 239 1.0
482 253 1.0
482 310 1.0
482 312 1.0
482 392 1.0
483 4 1.0
483 40 1.0
483 55 1.0
483 87 1.0
483 88 1.0
483 126 1.0
483 147 1.0
483 168 1.0
483 213 1.0
483 252 1.0
483 257 1.0
483 282 1.0
483 347 1.0
483 379 1.0
483 423 1.0
483 430 1.0
483 439 1.0
483 452 1.0
483 463 1.0
484 37 1.0
484 62 1.0
484 118 1.0
484 127 1.0
484 138 1.0
484 186 1.0
484 229 1.0
484 289 1.0
484 374 1.0
484 377 1.0
484 436 1.0
484 455 1.0
484 467 1.0
485 29 1.0
485 63 1.0
485 232 1.0
485 237 1.0
485 262 1.0
485 292 1.0
485 299 1.0
485 335 1.0
485 345 1.0
485 355 1.0
485 369 1.0
485 391 1.0
485 476 1.0
486 14 1.0
486 94 1.0
486 103 1.0
486 115 1.0
486 167 1.0
486 184 1.0
486 197 1.0
486 218 1.0
486 220 1.0
486 225 1.0
486 381 1.0
487 7 1.0
487 8 1.0
487 36 1.0
487 56 1.0
487 92 1.0
487 112 1.0
487 133 1.0
487 193 1.0
487 226 1.0
487 275 1.0
487 297 1.0
487 338 1.0
487 406 1.0
487 450 1.0
488 4 1.0
488 40 1.0
488 87 1.0
488 126 1.0
488 147 1.0
488 168 1.0
488 213 1.0
488 252 1.0
488 257 1.0
488 328 1.0
488 347 1.0
488 379 1.0
488 414 1.0
488 423 1.0
488 430 1.0
488 452 1.0
488 463 1.0
488 483 1.0
489 18 1.0
489 35 1.0
489 39 1.0
489 152 1.0
489 158 1.0
489 178 1.0
489 195 1.0
489 222 1.0
489 254 1.0
489 261 1.0
489 283 1.0
489 350 1.0
489 390 1.0
489 396 1.0
489 478 1.0
489 480 1.0
490 1 1.0
490 76 1.0
490 204 1.0
490 249 1.0
490 251 1.0
490 269 1.0
490 273 1.0
490 293 1.0
490 328 1.0
490 344 1.0
490 347 1.0
490 352 1.0
490 364 1.0
490 389 1.0
490 417 1.0
490 426 1.0
491 4 1.0
491 88 1.0
491 109 1.0
491 117 1.0
491 213 1.0
491 252 1.0
491 269 1.0
491 282 1.0
491 328 1.0
491 347 1.0
491 362 1.0
491 364 1.0
491 423 1.0
491 439 1.0
492 38 1.0
492 50 1.0
492 227 1.0
492 232 1.0
492 267 1.0
492 291 1.0
492 292 1.0
492 303 1.0
492 335 1.0
492 353 1.0
492 355 1.0
492 369 1.0
492 391 1.0
492 485 1.0
493 106 1.0
493 120 1.0
493 161 1.0
493 395 1.0
493 432 1.0
493 440 1.0
494 200 1.0
494 255 1.0
494 311 1.0
494 465 1.0
494 475 1.0
495 3 1.0
495 11 1.0
495 28 1.0
495 31 1.0
495 59 1.0
495 149 1.0
495 175 1.0
495 221 1.0
495 235 1.0
495 294 1.0
495 295 1.0
495 308 1.0
495 367 1.0
495 413 1.0
496 21 1.0
496 67 1.0
496 74 1.0
496 104 1.0
496 134 1.0
496 203 1.0
496 240 1.0
496 258 1.0
496 284 1.0
496 309 1.0
496 318 1.0
496 365 1.0
496 373 1.0
496 384 1.0
496 424 1.0
497 11 1.0
497 42 1.0
497 151 1.0
497 157 1.0
497 172 1.0
497 221 1.0
497 223 1.0
497 230 1.0
497 294 1.0
497 348 1.0
497 358 1.0
497 418 1.0
497 448 1.0
497 468 1.0
498 8 1.0
498 96 1.0
498 133 1.0
498 287 1.0
498 338 1.0
498 392 1.0
498 403 1.0
498 406 1.0
498 450 1.0
498 466 1.0
499 38 1.0
499 162 1.0
499 185 1.0
499 232 1.0
499 237 1.0
499 249 1.0
499 251 1.0
499 292 1.0
499 299 1.0
499 307 1.0
499 335 1.0
499 344 1.0
499 355 1.0
499 389 1.0
499 391 1.0
499 414 1.0
499 417 1.0
500 2 1.0
500 24 1.0
500 87 1.0
500 89 1.0
500 91 1.0
500 96 1.0
500 136 1.0
500 162 1.0
500 198 1.0
500 227 1.0
500 298 1.0
500 307 1.0
500 371 1.0
500 375 1.0
500 414 1.0
500 444 1.0
500 452 1.0
500 453 1.0
500 474 1.0
500 477 1.0