# Community 1: Nodes 1-12 (12 nodes)
1 2 1.0
1 3 1.0
1 4 1.0
2 3 1.0
2 5 1.0
3 4 1.0
3 6 1.0
4 5 1.0
4 7 1.0
5 6 1.0
5 8 1.0
6 7 1.0
6 9 1.0
7 8 1.0
7 10 1.0
8 9 1.0
8 11 1.0
9 10 1.0
9 12 1.0
10 11 1.0
10 12 1.0
11 12 1.0
2 7 1.0
3 8 1.0
5 10 1.0

# Community 2: Nodes 13-25 (13 nodes)
13 14 1.0
13 15 1.0
13 16 1.0
14 15 1.0
14 17 1.0
15 16 1.0
15 18 1.0
16 17 1.0
16 19 1.0
17 18 1.0
17 20 1.0
18 19 1.0
18 21 1.0
19 20 1.0
19 22 1.0
20 21 1.0
20 23 1.0
21 22 1.0
21 24 1.0
22 23 1.0
22 25 1.0
23 24 1.0
23 25 1.0
24 25 1.0
14 19 1.0
15 20 1.0
17 23 1.0

# Community 3: Nodes 26-36 (11 nodes)
26 27 1.0
26 28 1.0
26 29 1.0
27 28 1.0
27 30 1.0
28 29 1.0
28 31 1.0
29 30 1.0
29 32 1.0
30 31 1.0
30 33 1.0
31 32 1.0
31 34 1.0
32 33 1.0
32 35 1.0
33 34 1.0
33 36 1.0
34 35 1.0
34 36 1.0
35 36 1.0
27 32 1.0
28 33 1.0
30 35 1.0

# Community 4: Nodes 37-51 (15 nodes)
37 38 1.0
37 39 1.0
37 40 1.0
38 39 1.0
38 41 1.0
39 40 1.0
39 42 1.0
40 41 1.0
40 43 1.0
41 42 1.0
41 44 1.0
42 43 1.0
42 45 1.0
43 44 1.0
43 46 1.0
44 45 1.0
44 47 1.0
45 46 1.0
45 48 1.0
46 47 1.0
46 49 1.0
47 48 1.0
47 50 1.0
48 49 1.0
48 51 1.0
49 50 1.0
49 51 1.0
50 51 1.0
38 43 1.0
39 44 1.0
41 46 1.0
42 47 1.0
40 45 1.0

# Community 5: Nodes 52-61 (10 nodes)
52 53 1.0
52 54 1.0
52 55 1.0
53 54 1.0
53 56 1.0
54 55 1.0
54 57 1.0
55 56 1.0
55 58 1.0
56 57 1.0
56 59 1.0
57 58 1.0
57 60 1.0
58 59 1.0
58 61 1.0
59 60 1.0
59 61 1.0
60 61 1.0
53 58 1.0
54 59 1.0
56 61 1.0

# Inter-community connections
# Connect Community 1 to Community 2
6 13 1.0
12 18 1.0

# Connect Community 2 to Community 3
25 26 1.0
19 31 1.0

# Connect Community 3 to Community 4
36 37 1.0
32 43 1.0

# Connect Community 4 to Community 5
51 52 1.0
47 57 1.0

# Connect Community 1 to Community 3 (bridge)
8 28 1.0

# Connect Community 2 to Community 5 (bridge)
22 55 1.0

# Connect Community 1 to Community 4 (bridge)
11 41 1.0
