1 128 1.0
1 122 1.0
1 120 1.0
1 119 1.0
1 117 1.0
1 114 1.0
1 110 1.0
1 109 1.0
1 108 1.0
1 105 1.0
1 103 1.0
1 102 1.0
1 98 1.0
1 90 1.0
1 88 1.0
1 80 1.0
1 79 1.0
1 76 1.0
1 74 1.0
1 72 1.0
1 70 1.0
1 67 1.0
1 64 1.0
1 57 1.0
1 55 1.0
1 47 1.0
1 44 1.0
1 37 1.0
1 33 1.0
1 32 1.0
1 31 1.0
1 27 1.0
1 12 1.0
2 128 1.0
2 127 1.0
2 126 1.0
2 123 1.0
2 122 1.0
2 118 1.0
2 116 1.0
2 115 1.0
2 113 1.0
2 111 1.0
2 107 1.0
2 99 1.0
2 96 1.0
2 94 1.0
2 93 1.0
2 92 1.0
2 91 1.0
2 89 1.0
2 88 1.0
2 86 1.0
2 84 1.0
2 83 1.0
2 82 1.0
2 76 1.0
2 75 1.0
2 71 1.0
2 70 1.0
2 69 1.0
2 68 1.0
2 66 1.0
2 64 1.0
2 62 1.0
2 61 1.0
2 60 1.0
2 58 1.0
2 53 1.0
2 52 1.0
2 46 1.0
2 45 1.0
2 41 1.0
2 38 1.0
2 36 1.0
2 30 1.0
2 28 1.0
2 25 1.0
2 24 1.0
2 23 1.0
2 22 1.0
2 20 1.0
2 13 1.0
2 10 1.0
2 8 1.0
2 7 1.0
2 6 1.0
3 124 1.0
3 104 1.0
3 87 1.0
3 85 1.0
3 81 1.0
3 63 1.0
3 59 1.0
3 50 1.0
3 49 1.0
3 48 1.0
3 42 1.0
3 35 1.0
3 32 1.0
3 26 1.0
3 21 1.0
3 18 1.0
3 16 1.0
3 11 1.0
3 9 1.0
3 5 1.0
3 4 1.0
4 124 1.0
4 104 1.0
4 77 1.0
4 59 1.0
4 54 1.0
4 49 1.0
4 48 1.0
4 40 1.0
4 29 1.0
4 26 1.0
4 21 1.0
4 18 1.0
4 15 1.0
4 9 1.0
4 5 1.0
4 3 1.0
5 104 1.0
5 87 1.0
5 81 1.0
5 77 1.0
5 63 1.0
5 48 1.0
5 37 1.0
5 35 1.0
5 33 1.0
5 32 1.0
5 29 1.0
5 21 1.0
5 16 1.0
5 12 1.0
5 9 1.0
5 4 1.0
5 3 1.0
6 127 1.0
6 122 1.0
6 113 1.0
6 111 1.0
6 107 1.0
6 106 1.0
6 96 1.0
6 95 1.0
6 93 1.0
6 89 1.0
6 84 1.0
6 76 1.0
6 75 1.0
6 71 1.0
6 70 1.0
6 67 1.0
6 64 1.0
6 60 1.0
6 56 1.0
6 41 1.0
6 23 1.0
6 13 1.0
6 10 1.0
6 2 1.0
7 128 1.0
7 126 1.0
7 125 1.0
7 123 1.0
7 115 1.0
7 114 1.0
7 113 1.0
7 110 1.0
7 107 1.0
7 101 1.0
7 100 1.0
7 99 1.0
7 94 1.0
7 92 1.0
7 91 1.0
7 88 1.0
7 83 1.0
7 78 1.0
7 76 1.0
7 73 1.0
7 69 1.0
7 68 1.0
7 66 1.0
7 62 1.0
7 58 1.0
7 52 1.0
7 46 1.0
7 45 1.0
7 43 1.0
7 39 1.0
7 28 1.0
7 27 1.0
7 25 1.0
7 20 1.0
7 19 1.0
7 14 1.0
7 8 1.0
7 2 1.0
8 128 1.0
8 126 1.0
8 125 1.0
8 123 1.0
8 122 1.0
8 117 1.0
8 115 1.0
8 114 1.0
8 113 1.0
8 110 1.0
8 108 1.0
8 107 1.0
8 105 1.0
8 102 1.0
8 101 1.0
8 100 1.0
8 99 1.0
8 97 1.0
8 94 1.0
8 92 1.0
8 91 1.0
8 90 1.0
8 88 1.0
8 83 1.0
8 79 1.0
8 78 1.0
8 76 1.0
8 75 1.0
8 74 1.0
8 73 1.0
8 69 1.0
8 68 1.0
8 66 1.0
8 65 1.0
8 64 1.0
8 62 1.0
8 58 1.0
8 52 1.0
8 45 1.0
8 43 1.0
8 39 1.0
8 28 1.0
8 27 1.0
8 20 1.0
8 19 1.0
8 14 1.0
8 10 1.0
8 7 1.0
8 2 1.0
9 124 1.0
9 104 1.0
9 87 1.0
9 85 1.0
9 81 1.0
9 77 1.0
9 59 1.0
9 54 1.0
9 49 1.0
9 48 1.0
9 42 1.0
9 40 1.0
9 29 1.0
9 26 1.0
9 21 1.0
9 18 1.0
9 15 1.0
9 5 1.0
9 4 1.0
9 3 1.0
10 127 1.0
10 126 1.0
10 123 1.0
10 118 1.0
10 116 1.0
10 115 1.0
10 113 1.0
10 111 1.0
10 107 1.0
10 99 1.0
10 96 1.0
10 94 1.0
10 93 1.0
10 92 1.0
10 91 1.0
10 88 1.0
10 86 1.0
10 84 1.0
10 83 1.0
10 82 1.0
10 76 1.0
10 75 1.0
10 71 1.0
10 69 1.0
10 68 1.0
10 66 1.0
10 62 1.0
10 61 1.0
10 58 1.0
10 53 1.0
10 52 1.0
10 46 1.0
10 45 1.0
10 41 1.0
10 38 1.0
10 36 1.0
10 30 1.0
10 28 1.0
10 25 1.0
10 24 1.0
10 22 1.0
10 20 1.0
10 13 1.0
10 8 1.0
10 6 1.0
10 2 1.0
11 104 1.0
11 85 1.0
11 81 1.0
11 63 1.0
11 59 1.0
11 50 1.0
11 49 1.0
11 42 1.0
11 17 1.0
11 3 1.0
12 120 1.0
12 117 1.0
12 112 1.0
12 110 1.0
12 109 1.0
12 108 1.0
12 103 1.0
12 102 1.0
12 98 1.0
12 90 1.0
12 87 1.0
12 80 1.0
12 79 1.0
12 74 1.0
12 55 1.0
12 48 1.0
12 47 1.0
12 44 1.0
12 37 1.0
12 35 1.0
12 33 1.0
12 32 1.0
12 31 1.0
12 16 1.0
12 5 1.0
12 1 1.0
13 127 1.0
13 123 1.0
13 122 1.0
13 113 1.0
13 111 1.0
13 107 1.0
13 106 1.0
13 96 1.0
13 95 1.0
13 93 1.0
13 89 1.0
13 84 1.0
13 76 1.0
13 75 1.0
13 71 1.0
13 70 1.0
13 67 1.0
13 64 1.0
13 60 1.0
13 56 1.0
13 45 1.0
13 41 1.0
13 30 1.0
13 24 1.0
13 23 1.0
13 10 1.0
13 6 1.0
13 2 1.0
14 128 1.0
14 126 1.0
14 125 1.0
14 123 1.0
14 115 1.0
14 114 1.0
14 101 1.0
14 100 1.0
14 99 1.0
14 97 1.0
14 94 1.0
14 92 1.0
14 91 1.0
14 88 1.0
14 83 1.0
14 78 1.0
14 76 1.0
14 73 1.0
14 69 1.0
14 68 1.0
14 66 1.0
14 65 1.0
14 62 1.0
14 52 1.0
14 45 1.0
14 43 1.0
14 39 1.0
14 28 1.0
14 27 1.0
14 19 1.0
14 8 1.0
14 7 1.0
15 124 1.0
15 112 1.0
15 104 1.0
15 77 1.0
15 54 1.0
15 49 1.0
15 48 1.0
15 40 1.0
15 29 1.0
15 26 1.0
15 21 1.0
15 18 1.0
15 9 1.0
15 4 1.0
16 125 1.0
16 121 1.0
16 117 1.0
16 114 1.0
16 110 1.0
16 105 1.0
16 102 1.0
16 97 1.0
16 90 1.0
16 87 1.0
16 80 1.0
16 79 1.0
16 74 1.0
16 65 1.0
16 48 1.0
16 47 1.0
16 37 1.0
16 35 1.0
16 33 1.0
16 32 1.0
16 12 1.0
16 5 1.0
16 3 1.0
17 85 1.0
17 81 1.0
17 63 1.0
17 59 1.0
17 50 1.0
17 49 1.0
17 42 1.0
17 11 1.0
18 124 1.0
18 104 1.0
18 77 1.0
18 59 1.0
18 54 1.0
18 49 1.0
18 40 1.0
18 29 1.0
18 26 1.0
18 21 1.0
18 15 1.0
18 9 1.0
18 4 1.0
18 3 1.0
19 128 1.0
19 126 1.0
19 125 1.0
19 123 1.0
19 117 1.0
19 115 1.0
19 114 1.0
19 110 1.0
19 108 1.0
19 105 1.0
19 101 1.0
19 100 1.0
19 99 1.0
19 97 1.0
19 92 1.0
19 91 1.0
19 90 1.0
19 88 1.0
19 79 1.0
19 78 1.0
19 76 1.0
19 74 1.0
19 73 1.0
19 68 1.0
19 66 1.0
19 65 1.0
19 62 1.0
19 52 1.0
19 51 1.0
19 43 1.0
19 39 1.0
19 28 1.0
19 27 1.0
19 14 1.0
19 8 1.0
19 7 1.0
20 128 1.0
20 127 1.0
20 126 1.0
20 123 1.0
20 118 1.0
20 116 1.0
20 115 1.0
20 113 1.0
20 111 1.0
20 107 1.0
20 99 1.0
20 96 1.0
20 94 1.0
20 93 1.0
20 92 1.0
20 91 1.0
20 88 1.0
20 86 1.0
20 84 1.0
20 83 1.0
20 82 1.0
20 76 1.0
20 75 1.0
20 69 1.0
20 68 1.0
20 66 1.0
20 62 1.0
20 61 1.0
20 58 1.0
20 53 1.0
20 52 1.0
20 46 1.0
20 45 1.0
20 43 1.0
20 41 1.0
20 38 1.0
20 36 1.0
20 30 1.0
20 28 1.0
20 25 1.0
20 24 1.0
20 22 1.0
20 10 1.0
20 8 1.0
20 7 1.0
20 2 1.0
21 124 1.0
21 104 1.0
21 81 1.0
21 77 1.0
21 59 1.0
21 54 1.0
21 49 1.0
21 48 1.0
21 42 1.0
21 40 1.0
21 29 1.0
21 26 1.0
21 18 1.0
21 15 1.0
21 9 1.0
21 5 1.0
21 4 1.0
21 3 1.0
22 126 1.0
22 123 1.0
22 118 1.0
22 116 1.0
22 115 1.0
22 113 1.0
22 94 1.0
22 93 1.0
22 86 1.0
22 83 1.0
22 82 1.0
22 69 1.0
22 66 1.0
22 61 1.0
22 58 1.0
22 53 1.0
22 52 1.0
22 46 1.0
22 45 1.0
22 41 1.0
22 38 1.0
22 36 1.0
22 30 1.0
22 25 1.0
22 24 1.0
22 20 1.0
22 10 1.0
22 2 1.0
23 127 1.0
23 122 1.0
23 111 1.0
23 107 1.0
23 106 1.0
23 96 1.0
23 95 1.0
23 89 1.0
23 84 1.0
23 76 1.0
23 75 1.0
23 71 1.0
23 70 1.0
23 67 1.0
23 64 1.0
23 60 1.0
23 57 1.0
23 56 1.0
23 55 1.0
23 13 1.0
23 6 1.0
23 2 1.0
24 127 1.0
24 126 1.0
24 123 1.0
24 118 1.0
24 116 1.0
24 115 1.0
24 113 1.0
24 111 1.0
24 107 1.0
24 99 1.0
24 96 1.0
24 94 1.0
24 93 1.0
24 92 1.0
24 91 1.0
24 88 1.0
24 86 1.0
24 84 1.0
24 83 1.0
24 82 1.0
24 75 1.0
24 71 1.0
24 69 1.0
24 68 1.0
24 66 1.0
24 62 1.0
24 61 1.0
24 58 1.0
24 53 1.0
24 52 1.0
24 46 1.0
24 45 1.0
24 41 1.0
24 38 1.0
24 36 1.0
24 30 1.0
24 28 1.0
24 25 1.0
24 22 1.0
24 20 1.0
24 13 1.0
24 10 1.0
24 2 1.0
25 127 1.0
25 126 1.0
25 123 1.0
25 118 1.0
25 116 1.0
25 115 1.0
25 113 1.0
25 111 1.0
25 107 1.0
25 99 1.0
25 94 1.0
25 93 1.0
25 92 1.0
25 91 1.0
25 86 1.0
25 84 1.0
25 83 1.0
25 82 1.0
25 75 1.0
25 69 1.0
25 68 1.0
25 66 1.0
25 62 1.0
25 61 1.0
25 58 1.0
25 53 1.0
25 52 1.0
25 46 1.0
25 45 1.0
25 41 1.0
25 38 1.0
25 36 1.0
25 30 1.0
25 28 1.0
25 24 1.0
25 22 1.0
25 20 1.0
25 10 1.0
25 7 1.0
25 2 1.0
26 124 1.0
26 104 1.0
26 77 1.0
26 59 1.0
26 54 1.0
26 49 1.0
26 40 1.0
26 29 1.0
26 21 1.0
26 18 1.0
26 15 1.0
26 9 1.0
26 4 1.0
26 3 1.0
27 128 1.0
27 127 1.0
27 126 1.0
27 125 1.0
27 123 1.0
27 122 1.0
27 117 1.0
27 115 1.0
27 114 1.0
27 113 1.0
27 110 1.0
27 109 1.0
27 108 1.0
27 107 1.0
27 105 1.0
27 103 1.0
27 102 1.0
27 101 1.0
27 100 1.0
27 99 1.0
27 98 1.0
27 97 1.0
27 92 1.0
27 91 1.0
27 90 1.0
27 88 1.0
27 83 1.0
27 80 1.0
27 79 1.0
27 78 1.0
27 76 1.0
27 75 1.0
27 74 1.0
27 73 1.0
27 70 1.0
27 69 1.0
27 68 1.0
27 67 1.0
27 66 1.0
27 64 1.0
27 62 1.0
27 57 1.0
27 55 1.0
27 52 1.0
27 45 1.0
27 43 1.0
27 39 1.0
27 31 1.0
27 28 1.0
27 19 1.0
27 14 1.0
27 8 1.0
27 7 1.0
27 1 1.0
28 128 1.0
28 127 1.0
28 126 1.0
28 125 1.0
28 123 1.0
28 118 1.0
28 116 1.0
28 115 1.0
28 114 1.0
28 113 1.0
28 111 1.0
28 110 1.0
28 108 1.0
28 107 1.0
28 101 1.0
28 100 1.0
28 99 1.0
28 96 1.0
28 94 1.0
28 93 1.0
28 92 1.0
28 91 1.0
28 88 1.0
28 86 1.0
28 83 1.0
28 82 1.0
28 79 1.0
28 78 1.0
28 76 1.0
28 75 1.0
28 74 1.0
28 73 1.0
28 69 1.0
28 68 1.0
28 66 1.0
28 64 1.0
28 62 1.0
28 61 1.0
28 58 1.0
28 53 1.0
28 52 1.0
28 46 1.0
28 45 1.0
28 43 1.0
28 41 1.0
28 39 1.0
28 38 1.0
28 36 1.0
28 30 1.0
28 27 1.0
28 25 1.0
28 24 1.0
28 20 1.0
28 19 1.0
28 14 1.0
28 10 1.0
28 8 1.0
28 7 1.0
28 2 1.0
29 124 1.0
29 112 1.0
29 104 1.0
29 77 1.0
29 54 1.0
29 49 1.0
29 48 1.0
29 40 1.0
29 26 1.0
29 21 1.0
29 18 1.0
29 15 1.0
29 9 1.0
29 5 1.0
29 4 1.0
30 127 1.0
30 126 1.0
30 123 1.0
30 118 1.0
30 116 1.0
30 115 1.0
30 113 1.0
30 111 1.0
30 107 1.0
30 99 1.0
30 96 1.0
30 94 1.0
30 93 1.0
30 92 1.0
30 91 1.0
30 88 1.0
30 86 1.0
30 84 1.0
30 83 1.0
30 82 1.0
30 76 1.0
30 75 1.0
30 69 1.0
30 68 1.0
30 66 1.0
30 62 1.0
30 61 1.0
30 58 1.0
30 53 1.0
30 52 1.0
30 46 1.0
30 45 1.0
30 41 1.0
30 38 1.0
30 36 1.0
30 28 1.0
30 25 1.0
30 24 1.0
30 22 1.0
30 20 1.0
30 13 1.0
30 10 1.0
30 2 1.0
31 122 1.0
31 120 1.0
31 119 1.0
31 117 1.0
31 110 1.0
31 109 1.0
31 108 1.0
31 103 1.0
31 102 1.0
31 98 1.0
31 90 1.0
31 80 1.0
31 79 1.0
31 74 1.0
31 72 1.0
31 67 1.0
31 64 1.0
31 57 1.0
31 55 1.0
31 47 1.0
31 44 1.0
31 37 1.0
31 33 1.0
31 32 1.0
31 27 1.0
31 12 1.0
31 1 1.0
32 120 1.0
32 117 1.0
32 112 1.0
32 109 1.0
32 102 1.0
32 98 1.0
32 90 1.0
32 87 1.0
32 80 1.0
32 79 1.0
32 74 1.0
32 48 1.0
32 47 1.0
32 37 1.0
32 35 1.0
32 33 1.0
32 31 1.0
32 16 1.0
32 12 1.0
32 5 1.0
32 3 1.0
32 1 1.0
33 125 1.0
33 121 1.0
33 120 1.0
33 117 1.0
33 114 1.0
33 110 1.0
33 109 1.0
33 108 1.0
33 105 1.0
33 102 1.0
33 97 1.0
33 90 1.0
33 87 1.0
33 80 1.0
33 79 1.0
33 78 1.0
33 74 1.0
33 65 1.0
33 48 1.0
33 47 1.0
33 39 1.0
33 37 1.0
33 35 1.0
33 32 1.0
33 31 1.0
33 16 1.0
33 12 1.0
33 5 1.0
33 1 1.0
34 125 1.0
34 121 1.0
34 97 1.0
34 65 1.0
34 51 1.0
34 35 1.0
35 121 1.0
35 117 1.0
35 105 1.0
35 97 1.0
35 87 1.0
35 74 1.0
35 65 1.0
35 63 1.0
35 48 1.0
35 34 1.0
35 33 1.0
35 32 1.0
35 16 1.0
35 12 1.0
35 5 1.0
35 3 1.0
36 127 1.0
36 126 1.0
36 123 1.0
36 118 1.0
36 116 1.0
36 115 1.0
36 113 1.0
36 111 1.0
36 94 1.0
36 93 1.0
36 86 1.0
36 83 1.0
36 82 1.0
36 75 1.0
36 69 1.0
36 66 1.0
36 61 1.0
36 58 1.0
36 53 1.0
36 52 1.0
36 46 1.0
36 45 1.0
36 41 1.0
36 38 1.0
36 30 1.0
36 28 1.0
36 25 1.0
36 24 1.0
36 22 1.0
36 20 1.0
36 10 1.0
36 2 1.0
37 120 1.0
37 112 1.0
37 109 1.0
37 103 1.0
37 102 1.0
37 98 1.0
37 87 1.0
37 80 1.0
37 72 1.0
37 48 1.0
37 47 1.0
37 44 1.0
37 33 1.0
37 32 1.0
37 31 1.0
37 16 1.0
37 12 1.0
37 5 1.0
37 1 1.0
38 127 1.0
38 126 1.0
38 123 1.0
38 118 1.0
38 116 1.0
38 115 1.0
38 113 1.0
38 111 1.0
38 107 1.0
38 99 1.0
38 96 1.0
38 94 1.0
38 93 1.0
38 92 1.0
38 91 1.0
38 86 1.0
38 84 1.0
38 83 1.0
38 82 1.0
38 75 1.0
38 69 1.0
38 68 1.0
38 66 1.0
38 62 1.0
38 61 1.0
38 58 1.0
38 53 1.0
38 52 1.0
38 46 1.0
38 45 1.0
38 41 1.0
38 36 1.0
38 30 1.0
38 28 1.0
38 25 1.0
38 24 1.0
38 22 1.0
38 20 1.0
38 10 1.0
38 2 1.0
39 128 1.0
39 125 1.0
39 121 1.0
39 117 1.0
39 114 1.0
39 110 1.0
39 109 1.0
39 108 1.0
39 105 1.0
39 102 1.0
39 101 1.0
39 100 1.0
39 99 1.0
39 97 1.0
39 92 1.0
39 91 1.0
39 90 1.0
39 88 1.0
39 80 1.0
39 79 1.0
39 78 1.0
39 76 1.0
39 74 1.0
39 73 1.0
39 68 1.0
39 66 1.0
39 65 1.0
39 62 1.0
39 52 1.0
39 51 1.0
39 43 1.0
39 33 1.0
39 28 1.0
39 27 1.0
39 19 1.0
39 14 1.0
39 8 1.0
39 7 1.0
40 124 1.0
40 104 1.0
40 77 1.0
40 59 1.0
40 54 1.0
40 49 1.0
40 29 1.0
40 26 1.0
40 21 1.0
40 18 1.0
40 15 1.0
40 9 1.0
40 4 1.0
41 127 1.0
41 126 1.0
41 123 1.0
41 118 1.0
41 116 1.0
41 115 1.0
41 113 1.0
41 111 1.0
41 107 1.0
41 99 1.0
41 96 1.0
41 94 1.0
41 93 1.0
41 92 1.0
41 86 1.0
41 84 1.0
41 83 1.0
41 82 1.0
41 75 1.0
41 71 1.0
41 69 1.0
41 68 1.0
41 66 1.0
41 61 1.0
41 58 1.0
41 53 1.0
41 52 1.0
41 46 1.0
41 45 1.0
41 38 1.0
41 36 1.0
41 30 1.0
41 28 1.0
41 25 1.0
41 24 1.0
41 22 1.0
41 20 1.0
41 13 1.0
41 10 1.0
41 6 1.0
41 2 1.0
42 104 1.0
42 85 1.0
42 81 1.0
42 63 1.0
42 59 1.0
42 50 1.0
42 49 1.0
42 21 1.0
42 17 1.0
42 11 1.0
42 9 1.0
42 3 1.0
43 128 1.0
43 126 1.0
43 125 1.0
43 123 1.0
43 122 1.0
43 117 1.0
43 115 1.0
43 114 1.0
43 113 1.0
43 110 1.0
43 109 1.0
43 108 1.0
43 107 1.0
43 105 1.0
43 102 1.0
43 101 1.0
43 100 1.0
43 99 1.0
43 97 1.0
43 94 1.0
43 92 1.0
43 91 1.0
43 90 1.0
43 88 1.0
43 83 1.0
43 80 1.0
43 79 1.0
43 78 1.0
43 76 1.0
43 74 1.0
43 73 1.0
43 69 1.0
43 68 1.0
43 66 1.0
43 65 1.0
43 64 1.0
43 62 1.0
43 52 1.0
43 45 1.0
43 39 1.0
43 28 1.0
43 27 1.0
43 20 1.0
43 19 1.0
43 14 1.0
43 8 1.0
43 7 1.0
44 122 1.0
44 120 1.0
44 119 1.0
44 110 1.0
44 109 1.0
44 108 1.0
44 103 1.0
44 102 1.0
44 98 1.0
44 90 1.0
44 80 1.0
44 79 1.0
44 72 1.0
44 70 1.0
44 67 1.0
44 64 1.0
44 57 1.0
44 55 1.0
44 47 1.0
44 37 1.0
44 31 1.0
44 12 1.0
44 1 1.0
45 128 1.0
45 127 1.0
45 126 1.0
45 123 1.0
45 118 1.0
45 116 1.0
45 115 1.0
45 113 1.0
45 111 1.0
45 107 1.0
45 100 1.0
45 99 1.0
45 96 1.0
45 94 1.0
45 93 1.0
45 92 1.0
45 91 1.0
45 88 1.0
45 86 1.0
45 84 1.0
45 83 1.0
45 82 1.0
45 76 1.0
45 75 1.0
45 73 1.0
45 71 1.0
45 69 1.0
45 68 1.0
45 66 1.0
45 62 1.0
45 61 1.0
45 58 1.0
45 53 1.0
45 52 1.0
45 46 1.0
45 43 1.0
45 41 1.0
45 38 1.0
45 36 1.0
45 30 1.0
45 28 1.0
45 27 1.0
45 25 1.0
45 24 1.0
45 22 1.0
45 20 1.0
45 14 1.0
45 13 1.0
45 10 1.0
45 8 1.0
45 7 1.0
45 2 1.0
46 127 1.0
46 126 1.0
46 123 1.0
46 118 1.0
46 116 1.0
46 115 1.0
46 113 1.0
46 111 1.0
46 107 1.0
46 99 1.0
46 94 1.0
46 93 1.0
46 92 1.0
46 91 1.0
46 86 1.0
46 83 1.0
46 82 1.0
46 75 1.0
46 69 1.0
46 68 1.0
46 66 1.0
46 62 1.0
46 61 1.0
46 58 1.0
46 53 1.0
46 52 1.0
46 45 1.0
46 41 1.0
46 38 1.0
46 36 1.0
46 30 1.0
46 28 1.0
46 25 1.0
46 24 1.0
46 22 1.0
46 20 1.0
46 10 1.0
46 7 1.0
46 2 1.0
47 120 1.0
47 119 1.0
47 112 1.0
47 109 1.0
47 103 1.0
47 102 1.0
47 98 1.0
47 80 1.0
47 72 1.0
47 57 1.0
47 55 1.0
47 44 1.0
47 37 1.0
47 33 1.0
47 32 1.0
47 31 1.0
47 16 1.0
47 12 1.0
47 1 1.0
48 112 1.0
48 87 1.0
48 77 1.0
48 54 1.0
48 37 1.0
48 35 1.0
48 33 1.0
48 32 1.0
48 29 1.0
48 21 1.0
48 16 1.0
48 15 1.0
48 12 1.0
48 9 1.0
48 5 1.0
48 4 1.0
48 3 1.0
49 124 1.0
49 104 1.0
49 85 1.0
49 81 1.0
49 77 1.0
49 63 1.0
49 59 1.0
49 54 1.0
49 50 1.0
49 42 1.0
49 40 1.0
49 29 1.0
49 26 1.0
49 21 1.0
49 18 1.0
49 17 1.0
49 15 1.0
49 11 1.0
49 9 1.0
49 4 1.0
49 3 1.0
50 104 1.0
50 85 1.0
50 81 1.0
50 63 1.0
50 59 1.0
50 49 1.0
50 42 1.0
50 17 1.0
50 11 1.0
50 3 1.0
51 125 1.0
51 121 1.0
51 117 1.0
51 114 1.0
51 105 1.0
51 101 1.0
51 100 1.0
51 97 1.0
51 78 1.0
51 74 1.0
51 73 1.0
51 65 1.0
51 39 1.0
51 34 1.0
51 19 1.0
52 128 1.0
52 127 1.0
52 126 1.0
52 123 1.0
52 118 1.0
52 116 1.0
52 115 1.0
52 114 1.0
52 113 1.0
52 111 1.0
52 110 1.0
52 108 1.0
52 107 1.0
52 101 1.0
52 100 1.0
52 99 1.0
52 96 1.0
52 94 1.0
52 93 1.0
52 92 1.0
52 91 1.0
52 88 1.0
52 86 1.0
52 84 1.0
52 83 1.0
52 82 1.0
52 79 1.0
52 78 1.0
52 76 1.0
52 75 1.0
52 73 1.0
52 69 1.0
52 68 1.0
52 66 1.0
52 64 1.0
52 62 1.0
52 61 1.0
52 58 1.0
52 53 1.0
52 46 1.0
52 45 1.0
52 43 1.0
52 41 1.0
52 39 1.0
52 38 1.0
52 36 1.0
52 30 1.0
52 28 1.0
52 27 1.0
52 25 1.0
52 24 1.0
52 22 1.0
52 20 1.0
52 19 1.0
52 14 1.0
52 10 1.0
52 8 1.0
52 7 1.0
52 2 1.0
53 127 1.0
53 126 1.0
53 123 1.0
53 118 1.0
53 116 1.0
53 115 1.0
53 113 1.0
53 111 1.0
53 107 1.0
53 99 1.0
53 96 1.0
53 94 1.0
53 93 1.0
53 92 1.0
53 91 1.0
53 88 1.0
53 86 1.0
53 84 1.0
53 83 1.0
53 82 1.0
53 75 1.0
53 69 1.0
53 68 1.0
53 66 1.0
53 62 1.0
53 61 1.0
53 58 1.0
53 52 1.0
53 46 1.0
53 45 1.0
53 41 1.0
53 38 1.0
53 36 1.0
53 30 1.0
53 28 1.0
53 25 1.0
53 24 1.0
53 22 1.0
53 20 1.0
53 10 1.0
53 2 1.0
54 124 1.0
54 112 1.0
54 104 1.0
54 77 1.0
54 49 1.0
54 48 1.0
54 40 1.0
54 29 1.0
54 26 1.0
54 21 1.0
54 18 1.0
54 15 1.0
54 9 1.0
54 4 1.0
55 128 1.0
55 122 1.0
55 120 1.0
55 119 1.0
55 110 1.0
55 109 1.0
55 108 1.0
55 103 1.0
55 102 1.0
55 98 1.0
55 90 1.0
55 88 1.0
55 80 1.0
55 79 1.0
55 76 1.0
55 72 1.0
55 70 1.0
55 67 1.0
55 64 1.0
55 57 1.0
55 47 1.0
55 44 1.0
55 31 1.0
55 27 1.0
55 23 1.0
55 12 1.0
55 1 1.0
56 127 1.0
56 122 1.0
56 111 1.0
56 106 1.0
56 96 1.0
56 95 1.0
56 89 1.0
56 84 1.0
56 71 1.0
56 70 1.0
56 67 1.0
56 64 1.0
56 60 1.0
56 23 1.0
56 13 1.0
56 6 1.0
57 128 1.0
57 122 1.0
57 120 1.0
57 119 1.0
57 110 1.0
57 109 1.0
57 108 1.0
57 103 1.0
57 102 1.0
57 98 1.0
57 90 1.0
57 89 1.0
57 88 1.0
57 80 1.0
57 79 1.0
57 76 1.0
57 72 1.0
57 70 1.0
57 67 1.0
57 64 1.0
57 55 1.0
57 47 1.0
57 44 1.0
57 31 1.0
57 27 1.0
57 23 1.0
57 1 1.0
58 127 1.0
58 126 1.0
58 123 1.0
58 118 1.0
58 116 1.0
58 115 1.0
58 113 1.0
58 111 1.0
58 107 1.0
58 99 1.0
58 94 1.0
58 93 1.0
58 92 1.0
58 91 1.0
58 88 1.0
58 86 1.0
58 84 1.0
58 83 1.0
58 82 1.0
58 75 1.0
58 69 1.0
58 68 1.0
58 66 1.0
58 62 1.0
58 61 1.0
58 53 1.0
58 52 1.0
58 46 1.0
58 45 1.0
58 41 1.0
58 38 1.0
58 36 1.0
58 30 1.0
58 28 1.0
58 25 1.0
58 24 1.0
58 22 1.0
58 20 1.0
58 10 1.0
58 8 1.0
58 7 1.0
58 2 1.0
59 124 1.0
59 104 1.0
59 85 1.0
59 81 1.0
59 63 1.0
59 50 1.0
59 49 1.0
59 42 1.0
59 40 1.0
59 26 1.0
59 21 1.0
59 18 1.0
59 17 1.0
59 11 1.0
59 9 1.0
59 4 1.0
59 3 1.0
60 127 1.0
60 122 1.0
60 111 1.0
60 107 1.0
60 106 1.0
60 96 1.0
60 95 1.0
60 93 1.0
60 89 1.0
60 84 1.0
60 75 1.0
60 71 1.0
60 70 1.0
60 67 1.0
60 64 1.0
60 56 1.0
60 23 1.0
60 13 1.0
60 6 1.0
60 2 1.0
61 127 1.0
61 126 1.0
61 123 1.0
61 118 1.0
61 116 1.0
61 115 1.0
61 113 1.0
61 111 1.0
61 107 1.0
61 94 1.0
61 93 1.0
61 92 1.0
61 86 1.0
61 84 1.0
61 83 1.0
61 82 1.0
61 75 1.0
61 69 1.0
61 68 1.0
61 66 1.0
61 58 1.0
61 53 1.0
61 52 1.0
61 46 1.0
61 45 1.0
61 41 1.0
61 38 1.0
61 36 1.0
61 30 1.0
61 28 1.0
61 25 1.0
61 24 1.0
61 22 1.0
61 20 1.0
61 10 1.0
61 2 1.0
62 128 1.0
62 127 1.0
62 126 1.0
62 125 1.0
62 123 1.0
62 122 1.0
62 117 1.0
62 116 1.0
62 115 1.0
62 114 1.0
62 113 1.0
62 110 1.0
62 108 1.0
62 107 1.0
62 105 1.0
62 101 1.0
62 100 1.0
62 99 1.0
62 97 1.0
62 94 1.0
62 93 1.0
62 92 1.0
62 91 1.0
62 90 1.0
62 88 1.0
62 83 1.0
62 82 1.0
62 79 1.0
62 78 1.0
62 76 1.0
62 75 1.0
62 74 1.0
62 73 1.0
62 69 1.0
62 68 1.0
62 66 1.0
62 64 1.0
62 58 1.0
62 53 1.0
62 52 1.0
62 46 1.0
62 45 1.0
62 43 1.0
62 39 1.0
62 38 1.0
62 30 1.0
62 28 1.0
62 27 1.0
62 25 1.0
62 24 1.0
62 20 1.0
62 19 1.0
62 14 1.0
62 10 1.0
62 8 1.0
62 7 1.0
62 2 1.0
63 104 1.0
63 85 1.0
63 81 1.0
63 59 1.0
63 50 1.0
63 49 1.0
63 42 1.0
63 35 1.0
63 17 1.0
63 11 1.0
63 5 1.0
63 3 1.0
64 128 1.0
64 127 1.0
64 123 1.0
64 122 1.0
64 119 1.0
64 114 1.0
64 110 1.0
64 109 1.0
64 108 1.0
64 107 1.0
64 103 1.0
64 100 1.0
64 98 1.0
64 96 1.0
64 92 1.0
64 91 1.0
64 90 1.0
64 89 1.0
64 88 1.0
64 84 1.0
64 80 1.0
64 79 1.0
64 76 1.0
64 75 1.0
64 71 1.0
64 70 1.0
64 68 1.0
64 67 1.0
64 62 1.0
64 60 1.0
64 57 1.0
64 56 1.0
64 55 1.0
64 52 1.0
64 44 1.0
64 43 1.0
64 31 1.0
64 28 1.0
64 27 1.0
64 23 1.0
64 13 1.0
64 8 1.0
64 6 1.0
64 2 1.0
64 1 1.0
65 125 1.0
65 121 1.0
65 117 1.0
65 114 1.0
65 105 1.0
65 102 1.0
65 101 1.0
65 100 1.0
65 97 1.0
65 90 1.0
65 79 1.0
65 78 1.0
65 74 1.0
65 73 1.0
65 51 1.0
65 43 1.0
65 39 1.0
65 35 1.0
65 34 1.0
65 33 1.0
65 19 1.0
65 16 1.0
65 14 1.0
65 8 1.0
66 128 1.0
66 127 1.0
66 126 1.0
66 123 1.0
66 118 1.0
66 116 1.0
66 115 1.0
66 114 1.0
66 113 1.0
66 111 1.0
66 110 1.0
66 107 1.0
66 101 1.0
66 100 1.0
66 99 1.0
66 96 1.0
66 94 1.0
66 93 1.0
66 92 1.0
66 91 1.0
66 88 1.0
66 86 1.0
66 84 1.0
66 83 1.0
66 82 1.0
66 76 1.0
66 75 1.0
66 73 1.0
66 69 1.0
66 68 1.0
66 62 1.0
66 61 1.0
66 58 1.0
66 53 1.0
66 52 1.0
66 46 1.0
66 45 1.0
66 43 1.0
66 41 1.0
66 39 1.0
66 38 1.0
66 36 1.0
66 30 1.0
66 28 1.0
66 27 1.0
66 25 1.0
66 24 1.0
66 22 1.0
66 20 1.0
66 19 1.0
66 14 1.0
66 10 1.0
66 8 1.0
66 7 1.0
66 2 1.0
67 128 1.0
67 122 1.0
67 120 1.0
67 119 1.0
67 110 1.0
67 109 1.0
67 108 1.0
67 103 1.0
67 98 1.0
67 96 1.0
67 90 1.0
67 89 1.0
67 88 1.0
67 80 1.0
67 79 1.0
67 76 1.0
67 72 1.0
67 71 1.0
67 70 1.0
67 68 1.0
67 64 1.0
67 60 1.0
67 57 1.0
67 56 1.0
67 55 1.0
67 44 1.0
67 31 1.0
67 27 1.0
67 23 1.0
67 13 1.0
67 6 1.0
67 1 1.0
68 128 1.0
68 127 1.0
68 126 1.0
68 125 1.0
68 123 1.0
68 122 1.0
68 116 1.0
68 115 1.0
68 114 1.0
68 113 1.0
68 111 1.0
68 110 1.0
68 109 1.0
68 108 1.0
68 107 1.0
68 102 1.0
68 101 1.0
68 100 1.0
68 99 1.0
68 96 1.0
68 94 1.0
68 93 1.0
68 92 1.0
68 91 1.0
68 90 1.0
68 88 1.0
68 84 1.0
68 83 1.0
68 82 1.0
68 79 1.0
68 78 1.0
68 76 1.0
68 75 1.0
68 74 1.0
68 73 1.0
68 71 1.0
68 70 1.0
68 69 1.0
68 67 1.0
68 66 1.0
68 64 1.0
68 62 1.0
68 61 1.0
68 58 1.0
68 53 1.0
68 52 1.0
68 46 1.0
68 45 1.0
68 43 1.0
68 41 1.0
68 39 1.0
68 38 1.0
68 30 1.0
68 28 1.0
68 27 1.0
68 25 1.0
68 24 1.0
68 20 1.0
68 19 1.0
68 14 1.0
68 10 1.0
68 8 1.0
68 7 1.0
68 2 1.0
69 128 1.0
69 127 1.0
69 126 1.0
69 123 1.0
69 118 1.0
69 116 1.0
69 115 1.0
69 113 1.0
69 111 1.0
69 107 1.0
69 100 1.0
69 99 1.0
69 96 1.0
69 94 1.0
69 93 1.0
69 92 1.0
69 91 1.0
69 88 1.0
69 86 1.0
69 84 1.0
69 83 1.0
69 82 1.0
69 76 1.0
69 75 1.0
69 73 1.0
69 68 1.0
69 66 1.0
69 62 1.0
69 61 1.0
69 58 1.0
69 53 1.0
69 52 1.0
69 46 1.0
69 45 1.0
69 43 1.0
69 41 1.0
69 38 1.0
69 36 1.0
69 30 1.0
69 28 1.0
69 27 1.0
69 25 1.0
69 24 1.0
69 22 1.0
69 20 1.0
69 14 1.0
69 10 1.0
69 8 1.0
69 7 1.0
69 2 1.0
70 128 1.0
70 127 1.0
70 122 1.0
70 111 1.0
70 110 1.0
70 109 1.0
70 108 1.0
70 107 1.0
70 106 1.0
70 103 1.0
70 98 1.0
70 96 1.0
70 95 1.0
70 92 1.0
70 89 1.0
70 88 1.0
70 84 1.0
70 76 1.0
70 75 1.0
70 71 1.0
70 68 1.0
70 67 1.0
70 64 1.0
70 60 1.0
70 57 1.0
70 56 1.0
70 55 1.0
70 44 1.0
70 27 1.0
70 23 1.0
70 13 1.0
70 6 1.0
70 2 1.0
70 1 1.0
71 127 1.0
71 126 1.0
71 123 1.0
71 122 1.0
71 113 1.0
71 111 1.0
71 107 1.0
71 106 1.0
71 96 1.0
71 95 1.0
71 93 1.0
71 92 1.0
71 89 1.0
71 88 1.0
71 84 1.0
71 76 1.0
71 75 1.0
71 70 1.0
71 68 1.0
71 67 1.0
71 64 1.0
71 60 1.0
71 56 1.0
71 45 1.0
71 41 1.0
71 24 1.0
71 23 1.0
71 13 1.0
71 10 1.0
71 6 1.0
71 2 1.0
72 120 1.0
72 119 1.0
72 109 1.0
72 108 1.0
72 103 1.0
72 102 1.0
72 98 1.0
72 80 1.0
72 67 1.0
72 57 1.0
72 55 1.0
72 47 1.0
72 44 1.0
72 37 1.0
72 31 1.0
72 1 1.0
73 128 1.0
73 126 1.0
73 125 1.0
73 123 1.0
73 117 1.0
73 115 1.0
73 114 1.0
73 110 1.0
73 108 1.0
73 105 1.0
73 101 1.0
73 100 1.0
73 99 1.0
73 97 1.0
73 92 1.0
73 91 1.0
73 90 1.0
73 88 1.0
73 83 1.0
73 79 1.0
73 78 1.0
73 76 1.0
73 74 1.0
73 69 1.0
73 68 1.0
73 66 1.0
73 65 1.0
73 62 1.0
73 52 1.0
73 51 1.0
73 45 1.0
73 43 1.0
73 39 1.0
73 28 1.0
73 27 1.0
73 19 1.0
73 14 1.0
73 8 1.0
73 7 1.0
74 128 1.0
74 125 1.0
74 121 1.0
74 117 1.0
74 114 1.0
74 110 1.0
74 109 1.0
74 108 1.0
74 105 1.0
74 102 1.0
74 101 1.0
74 100 1.0
74 98 1.0
74 97 1.0
74 91 1.0
74 90 1.0
74 88 1.0
74 80 1.0
74 79 1.0
74 78 1.0
74 76 1.0
74 73 1.0
74 68 1.0
74 65 1.0
74 62 1.0
74 51 1.0
74 43 1.0
74 39 1.0
74 35 1.0
74 33 1.0
74 32 1.0
74 31 1.0
74 28 1.0
74 27 1.0
74 19 1.0
74 16 1.0
74 12 1.0
74 8 1.0
74 1 1.0
75 128 1.0
75 127 1.0
75 126 1.0
75 123 1.0
75 122 1.0
75 118 1.0
75 116 1.0
75 115 1.0
75 113 1.0
75 111 1.0
75 107 1.0
75 99 1.0
75 96 1.0
75 94 1.0
75 93 1.0
75 92 1.0
75 91 1.0
75 89 1.0
75 88 1.0
75 86 1.0
75 84 1.0
75 83 1.0
75 82 1.0
75 76 1.0
75 71 1.0
75 70 1.0
75 69 1.0
75 68 1.0
75 66 1.0
75 64 1.0
75 62 1.0
75 61 1.0
75 60 1.0
75 58 1.0
75 53 1.0
75 52 1.0
75 46 1.0
75 45 1.0
75 41 1.0
75 38 1.0
75 36 1.0
75 30 1.0
75 28 1.0
75 27 1.0
75 25 1.0
75 24 1.0
75 23 1.0
75 20 1.0
75 13 1.0
75 10 1.0
75 8 1.0
75 6 1.0
75 2 1.0
76 128 1.0
76 127 1.0
76 126 1.0
76 125 1.0
76 123 1.0
76 122 1.0
76 117 1.0
76 115 1.0
76 114 1.0
76 113 1.0
76 111 1.0
76 110 1.0
76 109 1.0
76 108 1.0
76 107 1.0
76 105 1.0
76 102 1.0
76 101 1.0
76 100 1.0
76 99 1.0
76 96 1.0
76 94 1.0
76 93 1.0
76 92 1.0
76 91 1.0
76 90 1.0
76 89 1.0
76 88 1.0
76 83 1.0
76 80 1.0
76 79 1.0
76 78 1.0
76 75 1.0
76 74 1.0
76 73 1.0
76 71 1.0
76 70 1.0
76 69 1.0
76 68 1.0
76 67 1.0
76 66 1.0
76 64 1.0
76 62 1.0
76 57 1.0
76 55 1.0
76 52 1.0
76 45 1.0
76 43 1.0
76 39 1.0
76 30 1.0
76 28 1.0
76 27 1.0
76 23 1.0
76 20 1.0
76 19 1.0
76 14 1.0
76 13 1.0
76 10 1.0
76 8 1.0
76 7 1.0
76 6 1.0
76 2 1.0
76 1 1.0
77 124 1.0
77 112 1.0
77 104 1.0
77 54 1.0
77 49 1.0
77 48 1.0
77 40 1.0
77 29 1.0
77 26 1.0
77 21 1.0
77 18 1.0
77 15 1.0
77 9 1.0
77 5 1.0
77 4 1.0
78 128 1.0
78 125 1.0
78 121 1.0
78 117 1.0
78 114 1.0
78 110 1.0
78 109 1.0
78 108 1.0
78 105 1.0
78 102 1.0
78 101 1.0
78 100 1.0
78 99 1.0
78 97 1.0
78 92 1.0
78 91 1.0
78 90 1.0
78 88 1.0
78 80 1.0
78 79 1.0
78 76 1.0
78 74 1.0
78 73 1.0
78 68 1.0
78 65 1.0
78 62 1.0
78 52 1.0
78 51 1.0
78 43 1.0
78 39 1.0
78 33 1.0
78 28 1.0
78 27 1.0
78 19 1.0
78 14 1.0
78 8 1.0
78 7 1.0
79 128 1.0
79 125 1.0
79 117 1.0
79 114 1.0
79 110 1.0
79 109 1.0
79 108 1.0
79 105 1.0
79 103 1.0
79 102 1.0
79 101 1.0
79 100 1.0
79 99 1.0
79 98 1.0
79 97 1.0
79 92 1.0
79 91 1.0
79 90 1.0
79 88 1.0
79 80 1.0
79 78 1.0
79 76 1.0
79 74 1.0
79 73 1.0
79 68 1.0
79 67 1.0
79 65 1.0
79 64 1.0
79 62 1.0
79 57 1.0
79 55 1.0
79 52 1.0
79 44 1.0
79 43 1.0
79 39 1.0
79 33 1.0
79 32 1.0
79 31 1.0
79 28 1.0
79 27 1.0
79 19 1.0
79 16 1.0
79 12 1.0
79 8 1.0
79 1 1.0
80 128 1.0
80 125 1.0
80 120 1.0
80 119 1.0
80 117 1.0
80 114 1.0
80 110 1.0
80 109 1.0
80 108 1.0
80 105 1.0
80 103 1.0
80 102 1.0
80 100 1.0
80 98 1.0
80 97 1.0
80 90 1.0
80 88 1.0
80 79 1.0
80 78 1.0
80 76 1.0
80 74 1.0
80 72 1.0
80 67 1.0
80 64 1.0
80 57 1.0
80 55 1.0
80 47 1.0
80 44 1.0
80 43 1.0
80 39 1.0
80 37 1.0
80 33 1.0
80 32 1.0
80 31 1.0
80 27 1.0
80 16 1.0
80 12 1.0
80 1 1.0
81 104 1.0
81 85 1.0
81 63 1.0
81 59 1.0
81 50 1.0
81 49 1.0
81 42 1.0
81 21 1.0
81 17 1.0
81 11 1.0
81 9 1.0
81 5 1.0
81 3 1.0
82 127 1.0
82 126 1.0
82 123 1.0
82 118 1.0
82 116 1.0
82 115 1.0
82 113 1.0
82 111 1.0
82 99 1.0
82 94 1.0
82 93 1.0
82 92 1.0
82 86 1.0
82 84 1.0
82 83 1.0
82 75 1.0
82 69 1.0
82 68 1.0
82 66 1.0
82 62 1.0
82 61 1.0
82 58 1.0
82 53 1.0
82 52 1.0
82 46 1.0
82 45 1.0
82 41 1.0
82 38 1.0
82 36 1.0
82 30 1.0
82 28 1.0
82 25 1.0
82 24 1.0
82 22 1.0
82 20 1.0
82 10 1.0
82 2 1.0
83 128 1.0
83 127 1.0
83 126 1.0
83 123 1.0
83 118 1.0
83 116 1.0
83 115 1.0
83 113 1.0
83 111 1.0
83 107 1.0
83 100 1.0
83 99 1.0
83 94 1.0
83 93 1.0
83 92 1.0
83 91 1.0
83 88 1.0
83 86 1.0
83 82 1.0
83 76 1.0
83 75 1.0
83 73 1.0
83 69 1.0
83 68 1.0
83 66 1.0
83 62 1.0
83 61 1.0
83 58 1.0
83 53 1.0
83 52 1.0
83 46 1.0
83 45 1.0
83 43 1.0
83 41 1.0
83 38 1.0
83 36 1.0
83 30 1.0
83 28 1.0
83 27 1.0
83 25 1.0
83 24 1.0
83 22 1.0
83 20 1.0
83 14 1.0
83 10 1.0
83 8 1.0
83 7 1.0
83 2 1.0
84 127 1.0
84 126 1.0
84 123 1.0
84 122 1.0
84 116 1.0
84 115 1.0
84 113 1.0
84 111 1.0
84 107 1.0
84 106 1.0
84 96 1.0
84 95 1.0
84 94 1.0
84 93 1.0
84 92 1.0
84 89 1.0
84 86 1.0
84 82 1.0
84 75 1.0
84 71 1.0
84 70 1.0
84 69 1.0
84 68 1.0
84 66 1.0
84 64 1.0
84 61 1.0
84 60 1.0
84 58 1.0
84 56 1.0
84 53 1.0
84 52 1.0
84 45 1.0
84 41 1.0
84 38 1.0
84 30 1.0
84 25 1.0
84 24 1.0
84 23 1.0
84 20 1.0
84 13 1.0
84 10 1.0
84 6 1.0
84 2 1.0
85 104 1.0
85 81 1.0
85 63 1.0
85 59 1.0
85 50 1.0
85 49 1.0
85 42 1.0
85 17 1.0
85 11 1.0
85 9 1.0
85 3 1.0
86 127 1.0
86 126 1.0
86 123 1.0
86 118 1.0
86 116 1.0
86 115 1.0
86 113 1.0
86 111 1.0
86 94 1.0
86 93 1.0
86 92 1.0
86 84 1.0
86 83 1.0
86 82 1.0
86 75 1.0
86 69 1.0
86 66 1.0
86 61 1.0
86 58 1.0
86 53 1.0
86 52 1.0
86 46 1.0
86 45 1.0
86 41 1.0
86 38 1.0
86 36 1.0
86 30 1.0
86 28 1.0
86 25 1.0
86 24 1.0
86 22 1.0
86 20 1.0
86 10 1.0
86 2 1.0
87 48 1.0
87 37 1.0
87 35 1.0
87 33 1.0
87 32 1.0
87 16 1.0
87 12 1.0
87 9 1.0
87 5 1.0
87 3 1.0
88 128 1.0
88 127 1.0
88 126 1.0
88 125 1.0
88 123 1.0
88 122 1.0
88 117 1.0
88 116 1.0
88 115 1.0
88 114 1.0
88 113 1.0
88 110 1.0
88 109 1.0
88 108 1.0
88 107 1.0
88 105 1.0
88 102 1.0
88 101 1.0
88 100 1.0
88 99 1.0
88 96 1.0
88 94 1.0
88 93 1.0
88 92 1.0
88 91 1.0
88 90 1.0
88 83 1.0
88 80 1.0
88 79 1.0
88 78 1.0
88 76 1.0
88 75 1.0
88 74 1.0
88 73 1.0
88 71 1.0
88 70 1.0
88 69 1.0
88 68 1.0
88 67 1.0
88 66 1.0
88 64 1.0
88 62 1.0
88 58 1.0
88 57 1.0
88 55 1.0
88 53 1.0
88 52 1.0
88 45 1.0
88 43 1.0
88 39 1.0
88 30 1.0
88 28 1.0
88 27 1.0
88 24 1.0
88 20 1.0
88 19 1.0
88 14 1.0
88 10 1.0
88 8 1.0
88 7 1.0
88 2 1.0
88 1 1.0
89 127 1.0
89 122 1.0
89 111 1.0
89 107 1.0
89 106 1.0
89 96 1.0
89 95 1.0
89 93 1.0
89 84 1.0
89 76 1.0
89 75 1.0
89 71 1.0
89 70 1.0
89 67 1.0
89 64 1.0
89 60 1.0
89 57 1.0
89 56 1.0
89 23 1.0
89 13 1.0
89 6 1.0
89 2 1.0
90 128 1.0
90 125 1.0
90 120 1.0
90 117 1.0
90 114 1.0
90 110 1.0
90 109 1.0
90 108 1.0
90 105 1.0
90 103 1.0
90 102 1.0
90 101 1.0
90 100 1.0
90 98 1.0
90 97 1.0
90 92 1.0
90 91 1.0
90 88 1.0
90 80 1.0
90 79 1.0
90 78 1.0
90 76 1.0
90 74 1.0
90 73 1.0
90 68 1.0
90 67 1.0
90 65 1.0
90 64 1.0
90 62 1.0
90 57 1.0
90 55 1.0
90 44 1.0
90 43 1.0
90 39 1.0
90 33 1.0
90 32 1.0
90 31 1.0
90 27 1.0
90 19 1.0
90 16 1.0
90 12 1.0
90 8 1.0
90 1 1.0
91 128 1.0
91 127 1.0
91 126 1.0
91 125 1.0
91 123 1.0
91 122 1.0
91 117 1.0
91 116 1.0
91 115 1.0
91 114 1.0
91 113 1.0
91 110 1.0
91 108 1.0
91 107 1.0
91 105 1.0
91 101 1.0
91 100 1.0
91 99 1.0
91 97 1.0
91 94 1.0
91 93 1.0
91 92 1.0
91 90 1.0
91 88 1.0
91 83 1.0
91 79 1.0
91 78 1.0
91 76 1.0
91 75 1.0
91 74 1.0
91 73 1.0
91 69 1.0
91 68 1.0
91 66 1.0
91 64 1.0
91 62 1.0
91 58 1.0
91 53 1.0
91 52 1.0
91 46 1.0
91 45 1.0
91 43 1.0
91 39 1.0
91 38 1.0
91 30 1.0
91 28 1.0
91 27 1.0
91 25 1.0
91 24 1.0
91 20 1.0
91 19 1.0
91 14 1.0
91 10 1.0
91 8 1.0
91 7 1.0
91 2 1.0
92 128 1.0
92 127 1.0
92 126 1.0
92 123 1.0
92 122 1.0
92 118 1.0
92 116 1.0
92 115 1.0
92 114 1.0
92 113 1.0
92 111 1.0
92 110 1.0
92 108 1.0
92 107 1.0
92 101 1.0
92 100 1.0
92 99 1.0
92 96 1.0
92 94 1.0
92 93 1.0
92 91 1.0
92 90 1.0
92 88 1.0
92 86 1.0
92 84 1.0
92 83 1.0
92 82 1.0
92 79 1.0
92 78 1.0
92 76 1.0
92 75 1.0
92 73 1.0
92 71 1.0
92 70 1.0
92 69 1.0
92 68 1.0
92 66 1.0
92 64 1.0
92 62 1.0
92 61 1.0
92 58 1.0
92 53 1.0
92 52 1.0
92 46 1.0
92 45 1.0
92 43 1.0
92 41 1.0
92 39 1.0
92 38 1.0
92 30 1.0
92 28 1.0
92 27 1.0
92 25 1.0
92 24 1.0
92 20 1.0
92 19 1.0
92 14 1.0
92 10 1.0
92 8 1.0
92 7 1.0
92 2 1.0
93 127 1.0
93 126 1.0
93 123 1.0
93 118 1.0
93 116 1.0
93 115 1.0
93 113 1.0
93 111 1.0
93 107 1.0
93 99 1.0
93 96 1.0
93 94 1.0
93 92 1.0
93 91 1.0
93 89 1.0
93 88 1.0
93 86 1.0
93 84 1.0
93 83 1.0
93 82 1.0
93 76 1.0
93 75 1.0
93 71 1.0
93 69 1.0
93 68 1.0
93 66 1.0
93 62 1.0
93 61 1.0
93 60 1.0
93 58 1.0
93 53 1.0
93 52 1.0
93 46 1.0
93 45 1.0
93 41 1.0
93 38 1.0
93 36 1.0
93 30 1.0
93 28 1.0
93 25 1.0
93 24 1.0
93 22 1.0
93 20 1.0
93 13 1.0
93 10 1.0
93 6 1.0
93 2 1.0
94 128 1.0
94 127 1.0
94 126 1.0
94 123 1.0
94 118 1.0
94 116 1.0
94 115 1.0
94 113 1.0
94 111 1.0
94 107 1.0
94 99 1.0
94 93 1.0
94 92 1.0
94 91 1.0
94 88 1.0
94 86 1.0
94 84 1.0
94 83 1.0
94 82 1.0
94 76 1.0
94 75 1.0
94 69 1.0
94 68 1.0
94 66 1.0
94 62 1.0
94 61 1.0
94 58 1.0
94 53 1.0
94 52 1.0
94 46 1.0
94 45 1.0
94 43 1.0
94 41 1.0
94 38 1.0
94 36 1.0
94 30 1.0
94 28 1.0
94 25 1.0
94 24 1.0
94 22 1.0
94 20 1.0
94 14 1.0
94 10 1.0
94 8 1.0
94 7 1.0
94 2 1.0
95 127 1.0
95 122 1.0
95 106 1.0
95 96 1.0
95 89 1.0
95 84 1.0
95 71 1.0
95 70 1.0
95 60 1.0
95 56 1.0
95 23 1.0
95 13 1.0
95 6 1.0
96 127 1.0
96 126 1.0
96 123 1.0
96 122 1.0
96 116 1.0
96 115 1.0
96 113 1.0
96 111 1.0
96 107 1.0
96 106 1.0
96 95 1.0
96 93 1.0
96 92 1.0
96 89 1.0
96 88 1.0
96 84 1.0
96 76 1.0
96 75 1.0
96 71 1.0
96 70 1.0
96 69 1.0
96 68 1.0
96 67 1.0
96 66 1.0
96 64 1.0
96 60 1.0
96 56 1.0
96 53 1.0
96 52 1.0
96 45 1.0
96 41 1.0
96 38 1.0
96 30 1.0
96 28 1.0
96 24 1.0
96 23 1.0
96 20 1.0
96 13 1.0
96 10 1.0
96 6 1.0
96 2 1.0
97 128 1.0
97 125 1.0
97 121 1.0
97 117 1.0
97 114 1.0
97 110 1.0
97 109 1.0
97 108 1.0
97 105 1.0
97 102 1.0
97 101 1.0
97 100 1.0
97 91 1.0
97 90 1.0
97 80 1.0
97 79 1.0
97 78 1.0
97 74 1.0
97 73 1.0
97 65 1.0
97 62 1.0
97 51 1.0
97 43 1.0
97 39 1.0
97 35 1.0
97 34 1.0
97 33 1.0
97 27 1.0
97 19 1.0
97 16 1.0
97 14 1.0
97 8 1.0
98 128 1.0
98 122 1.0
98 120 1.0
98 119 1.0
98 110 1.0
98 109 1.0
98 108 1.0
98 103 1.0
98 102 1.0
98 90 1.0
98 80 1.0
98 79 1.0
98 74 1.0
98 72 1.0
98 70 1.0
98 67 1.0
98 64 1.0
98 57 1.0
98 55 1.0
98 47 1.0
98 44 1.0
98 37 1.0
98 32 1.0
98 31 1.0
98 27 1.0
98 12 1.0
98 1 1.0
99 128 1.0
99 127 1.0
99 126 1.0
99 123 1.0
99 118 1.0
99 116 1.0
99 115 1.0
99 114 1.0
99 113 1.0
99 110 1.0
99 107 1.0
99 101 1.0
99 100 1.0
99 94 1.0
99 93 1.0
99 92 1.0
99 91 1.0
99 88 1.0
99 83 1.0
99 82 1.0
99 79 1.0
99 78 1.0
99 76 1.0
99 75 1.0
99 73 1.0
99 69 1.0
99 68 1.0
99 66 1.0
99 62 1.0
99 58 1.0
99 53 1.0
99 52 1.0
99 46 1.0
99 45 1.0
99 43 1.0
99 41 1.0
99 39 1.0
99 38 1.0
99 30 1.0
99 28 1.0
99 27 1.0
99 25 1.0
99 24 1.0
99 20 1.0
99 19 1.0
99 14 1.0
99 10 1.0
99 8 1.0
99 7 1.0
99 2 1.0
100 128 1.0
100 126 1.0
100 125 1.0
100 123 1.0
100 117 1.0
100 115 1.0
100 114 1.0
100 110 1.0
100 108 1.0
100 107 1.0
100 105 1.0
100 102 1.0
100 101 1.0
100 99 1.0
100 97 1.0
100 92 1.0
100 91 1.0
100 90 1.0
100 88 1.0
100 83 1.0
100 80 1.0
100 79 1.0
100 78 1.0
100 76 1.0
100 74 1.0
100 73 1.0
100 69 1.0
100 68 1.0
100 66 1.0
100 65 1.0
100 64 1.0
100 62 1.0
100 52 1.0
100 51 1.0
100 45 1.0
100 43 1.0
100 39 1.0
100 28 1.0
100 27 1.0
100 19 1.0
100 14 1.0
100 8 1.0
100 7 1.0
101 128 1.0
101 125 1.0
101 117 1.0
101 115 1.0
101 114 1.0
101 110 1.0
101 105 1.0
101 100 1.0
101 99 1.0
101 97 1.0
101 92 1.0
101 91 1.0
101 90 1.0
101 88 1.0
101 79 1.0
101 78 1.0
101 76 1.0
101 74 1.0
101 73 1.0
101 68 1.0
101 66 1.0
101 65 1.0
101 62 1.0
101 52 1.0
101 51 1.0
101 43 1.0
101 39 1.0
101 28 1.0
101 27 1.0
101 19 1.0
101 14 1.0
101 8 1.0
101 7 1.0
102 128 1.0
102 125 1.0
102 120 1.0
102 117 1.0
102 114 1.0
102 110 1.0
102 109 1.0
102 108 1.0
102 105 1.0
102 103 1.0
102 100 1.0
102 98 1.0
102 97 1.0
102 90 1.0
102 88 1.0
102 80 1.0
102 79 1.0
102 78 1.0
102 76 1.0
102 74 1.0
102 72 1.0
102 68 1.0
102 65 1.0
102 57 1.0
102 55 1.0
102 47 1.0
102 44 1.0
102 43 1.0
102 39 1.0
102 37 1.0
102 33 1.0
102 32 1.0
102 31 1.0
102 27 1.0
102 16 1.0
102 12 1.0
102 8 1.0
102 1 1.0
103 122 1.0
103 120 1.0
103 119 1.0
103 110 1.0
103 109 1.0
103 108 1.0
103 102 1.0
103 98 1.0
103 90 1.0
103 80 1.0
103 79 1.0
103 72 1.0
103 70 1.0
103 67 1.0
103 64 1.0
103 57 1.0
103 55 1.0
103 47 1.0
103 44 1.0
103 37 1.0
103 31 1.0
103 27 1.0
103 12 1.0
103 1 1.0
104 124 1.0
104 85 1.0
104 81 1.0
104 77 1.0
104 63 1.0
104 59 1.0
104 54 1.0
104 50 1.0
104 49 1.0
104 42 1.0
104 40 1.0
104 29 1.0
104 26 1.0
104 21 1.0
104 18 1.0
104 15 1.0
104 11 1.0
104 9 1.0
104 5 1.0
104 4 1.0
104 3 1.0
105 128 1.0
105 125 1.0
105 121 1.0
105 117 1.0
105 114 1.0
105 110 1.0
105 109 1.0
105 108 1.0
105 102 1.0
105 101 1.0
105 100 1.0
105 97 1.0
105 91 1.0
105 90 1.0
105 88 1.0
105 80 1.0
105 79 1.0
105 78 1.0
105 76 1.0
105 74 1.0
105 73 1.0
105 65 1.0
105 62 1.0
105 51 1.0
105 43 1.0
105 39 1.0
105 35 1.0
105 33 1.0
105 27 1.0
105 19 1.0
105 16 1.0
105 8 1.0
105 1 1.0
106 96 1.0
106 95 1.0
106 89 1.0
106 84 1.0
106 71 1.0
106 70 1.0
106 60 1.0
106 56 1.0
106 23 1.0
106 13 1.0
106 6 1.0
107 128 1.0
107 127 1.0
107 126 1.0
107 123 1.0
107 122 1.0
107 116 1.0
107 115 1.0
107 113 1.0
107 111 1.0
107 110 1.0
107 100 1.0
107 99 1.0
107 96 1.0
107 94 1.0
107 93 1.0
107 92 1.0
107 91 1.0
107 89 1.0
107 88 1.0
107 84 1.0
107 83 1.0
107 76 1.0
107 75 1.0
107 71 1.0
107 70 1.0
107 69 1.0
107 68 1.0
107 66 1.0
107 64 1.0
107 62 1.0
107 61 1.0
107 60 1.0
107 58 1.0
107 53 1.0
107 52 1.0
107 46 1.0
107 45 1.0
107 43 1.0
107 41 1.0
107 38 1.0
107 30 1.0
107 28 1.0
107 27 1.0
107 25 1.0
107 24 1.0
107 23 1.0
107 20 1.0
107 13 1.0
107 10 1.0
107 8 1.0
107 7 1.0
107 6 1.0
107 2 1.0
108 128 1.0
108 125 1.0
108 122 1.0
108 120 1.0
108 117 1.0
108 114 1.0
108 110 1.0
108 109 1.0
108 105 1.0
108 103 1.0
108 102 1.0
108 100 1.0
108 98 1.0
108 97 1.0
108 92 1.0
108 91 1.0
108 90 1.0
108 88 1.0
108 80 1.0
108 79 1.0
108 78 1.0
108 76 1.0
108 74 1.0
108 73 1.0
108 72 1.0
108 70 1.0
108 68 1.0
108 67 1.0
108 64 1.0
108 62 1.0
108 57 1.0
108 55 1.0
108 52 1.0
108 44 1.0
108 43 1.0
108 39 1.0
108 33 1.0
108 31 1.0
108 28 1.0
108 27 1.0
108 19 1.0
108 12 1.0
108 8 1.0
108 1 1.0
109 128 1.0
109 122 1.0
109 120 1.0
109 119 1.0
109 117 1.0
109 114 1.0
109 110 1.0
109 108 1.0
109 105 1.0
109 103 1.0
109 102 1.0
109 98 1.0
109 97 1.0
109 90 1.0
109 88 1.0
109 80 1.0
109 79 1.0
109 78 1.0
109 76 1.0
109 74 1.0
109 72 1.0
109 70 1.0
109 68 1.0
109 67 1.0
109 64 1.0
109 57 1.0
109 55 1.0
109 47 1.0
109 44 1.0
109 43 1.0
109 39 1.0
109 37 1.0
109 33 1.0
109 32 1.0
109 31 1.0
109 27 1.0
109 12 1.0
109 1 1.0
110 128 1.0
110 126 1.0
110 125 1.0
110 123 1.0
110 122 1.0
110 117 1.0
110 114 1.0
110 109 1.0
110 108 1.0
110 107 1.0
110 105 1.0
110 103 1.0
110 102 1.0
110 101 1.0
110 100 1.0
110 99 1.0
110 98 1.0
110 97 1.0
110 92 1.0
110 91 1.0
110 90 1.0
110 88 1.0
110 80 1.0
110 79 1.0
110 78 1.0
110 76 1.0
110 74 1.0
110 73 1.0
110 70 1.0
110 68 1.0
110 67 1.0
110 66 1.0
110 64 1.0
110 62 1.0
110 57 1.0
110 55 1.0
110 52 1.0
110 44 1.0
110 43 1.0
110 39 1.0
110 33 1.0
110 31 1.0
110 28 1.0
110 27 1.0
110 19 1.0
110 16 1.0
110 12 1.0
110 8 1.0
110 7 1.0
110 1 1.0
111 127 1.0
111 126 1.0
111 123 1.0
111 122 1.0
111 118 1.0
111 116 1.0
111 115 1.0
111 113 1.0
111 107 1.0
111 96 1.0
111 94 1.0
111 93 1.0
111 92 1.0
111 89 1.0
111 86 1.0
111 84 1.0
111 83 1.0
111 82 1.0
111 76 1.0
111 75 1.0
111 71 1.0
111 70 1.0
111 69 1.0
111 68 1.0
111 66 1.0
111 61 1.0
111 60 1.0
111 58 1.0
111 56 1.0
111 53 1.0
111 52 1.0
111 46 1.0
111 45 1.0
111 41 1.0
111 38 1.0
111 36 1.0
111 30 1.0
111 28 1.0
111 25 1.0
111 24 1.0
111 23 1.0
111 20 1.0
111 13 1.0
111 10 1.0
111 6 1.0
111 2 1.0
112 120 1.0
112 77 1.0
112 54 1.0
112 48 1.0
112 47 1.0
112 37 1.0
112 32 1.0
112 29 1.0
112 15 1.0
112 12 1.0
113 128 1.0
113 127 1.0
113 126 1.0
113 123 1.0
113 118 1.0
113 116 1.0
113 115 1.0
113 111 1.0
113 107 1.0
113 99 1.0
113 96 1.0
113 94 1.0
113 93 1.0
113 92 1.0
113 91 1.0
113 88 1.0
113 86 1.0
113 84 1.0
113 83 1.0
113 82 1.0
113 76 1.0
113 75 1.0
113 71 1.0
113 69 1.0
113 68 1.0
113 66 1.0
113 62 1.0
113 61 1.0
113 58 1.0
113 53 1.0
113 52 1.0
113 46 1.0
113 45 1.0
113 43 1.0
113 41 1.0
113 38 1.0
113 36 1.0
113 30 1.0
113 28 1.0
113 27 1.0
113 25 1.0
113 24 1.0
113 22 1.0
113 20 1.0
113 13 1.0
113 10 1.0
113 8 1.0
113 7 1.0
113 6 1.0
113 2 1.0
114 128 1.0
114 126 1.0
114 125 1.0
114 123 1.0
114 117 1.0
114 115 1.0
114 110 1.0
114 109 1.0
114 108 1.0
114 105 1.0
114 102 1.0
114 101 1.0
114 100 1.0
114 99 1.0
114 97 1.0
114 92 1.0
114 91 1.0
114 90 1.0
114 88 1.0
114 80 1.0
114 79 1.0
114 78 1.0
114 76 1.0
114 74 1.0
114 73 1.0
114 68 1.0
114 66 1.0
114 65 1.0
114 64 1.0
114 62 1.0
114 52 1.0
114 51 1.0
114 43 1.0
114 39 1.0
114 33 1.0
114 28 1.0
114 27 1.0
114 19 1.0
114 16 1.0
114 14 1.0
114 8 1.0
114 7 1.0
114 1 1.0
115 128 1.0
115 127 1.0
115 126 1.0
115 123 1.0
115 118 1.0
115 116 1.0
115 114 1.0
115 113 1.0
115 111 1.0
115 107 1.0
115 101 1.0
115 100 1.0
115 99 1.0
115 96 1.0
115 94 1.0
115 93 1.0
115 92 1.0
115 91 1.0
115 88 1.0
115 86 1.0
115 84 1.0
115 83 1.0
115 82 1.0
115 76 1.0
115 75 1.0
115 73 1.0
115 69 1.0
115 68 1.0
115 66 1.0
115 62 1.0
115 61 1.0
115 58 1.0
115 53 1.0
115 52 1.0
115 46 1.0
115 45 1.0
115 43 1.0
115 41 1.0
115 38 1.0
115 36 1.0
115 30 1.0
115 28 1.0
115 27 1.0
115 25 1.0
115 24 1.0
115 22 1.0
115 20 1.0
115 19 1.0
115 14 1.0
115 10 1.0
115 8 1.0
115 7 1.0
115 2 1.0
116 127 1.0
116 126 1.0
116 123 1.0
116 118 1.0
116 115 1.0
116 113 1.0
116 111 1.0
116 107 1.0
116 99 1.0
116 96 1.0
116 94 1.0
116 93 1.0
116 92 1.0
116 91 1.0
116 88 1.0
116 86 1.0
116 84 1.0
116 83 1.0
116 82 1.0
116 75 1.0
116 69 1.0
116 68 1.0
116 66 1.0
116 62 1.0
116 61 1.0
116 58 1.0
116 53 1.0
116 52 1.0
116 46 1.0
116 45 1.0
116 41 1.0
116 38 1.0
116 36 1.0
116 30 1.0
116 28 1.0
116 25 1.0
116 24 1.0
116 22 1.0
116 20 1.0
116 10 1.0
116 2 1.0
117 128 1.0
117 125 1.0
117 121 1.0
117 114 1.0
117 110 1.0
117 109 1.0
117 108 1.0
117 105 1.0
117 102 1.0
117 101 1.0
117 100 1.0
117 97 1.0
117 91 1.0
117 90 1.0
117 88 1.0
117 80 1.0
117 79 1.0
117 78 1.0
117 76 1.0
117 74 1.0
117 73 1.0
117 65 1.0
117 62 1.0
117 51 1.0
117 43 1.0
117 39 1.0
117 35 1.0
117 33 1.0
117 32 1.0
117 31 1.0
117 27 1.0
117 19 1.0
117 16 1.0
117 12 1.0
117 8 1.0
117 1 1.0
118 126 1.0
118 123 1.0
118 116 1.0
118 115 1.0
118 113 1.0
118 111 1.0
118 99 1.0
118 94 1.0
118 93 1.0
118 92 1.0
118 86 1.0
118 83 1.0
118 82 1.0
118 75 1.0
118 69 1.0
118 66 1.0
118 61 1.0
118 58 1.0
118 53 1.0
118 52 1.0
118 46 1.0
118 45 1.0
118 41 1.0
118 38 1.0
118 36 1.0
118 30 1.0
118 28 1.0
118 25 1.0
118 24 1.0
118 22 1.0
118 20 1.0
118 10 1.0
118 2 1.0
119 122 1.0
119 120 1.0
119 109 1.0
119 103 1.0
119 98 1.0
119 80 1.0
119 72 1.0
119 67 1.0
119 64 1.0
119 57 1.0
119 55 1.0
119 47 1.0
119 44 1.0
119 31 1.0
119 1 1.0
120 119 1.0
120 112 1.0
120 109 1.0
120 108 1.0
120 103 1.0
120 102 1.0
120 98 1.0
120 90 1.0
120 80 1.0
120 72 1.0
120 67 1.0
120 57 1.0
120 55 1.0
120 47 1.0
120 44 1.0
120 37 1.0
120 33 1.0
120 32 1.0
120 31 1.0
120 12 1.0
120 1 1.0
121 125 1.0
121 117 1.0
121 105 1.0
121 97 1.0
121 78 1.0
121 74 1.0
121 65 1.0
121 51 1.0
121 39 1.0
121 35 1.0
121 34 1.0
121 33 1.0
121 16 1.0
122 128 1.0
122 127 1.0
122 119 1.0
122 111 1.0
122 110 1.0
122 109 1.0
122 108 1.0
122 107 1.0
122 103 1.0
122 98 1.0
122 96 1.0
122 95 1.0
122 92 1.0
122 91 1.0
122 89 1.0
122 88 1.0
122 84 1.0
122 76 1.0
122 75 1.0
122 71 1.0
122 70 1.0
122 68 1.0
122 67 1.0
122 64 1.0
122 62 1.0
122 60 1.0
122 57 1.0
122 56 1.0
122 55 1.0
122 44 1.0
122 43 1.0
122 31 1.0
122 27 1.0
122 23 1.0
122 13 1.0
122 8 1.0
122 6 1.0
122 2 1.0
122 1 1.0
123 128 1.0
123 127 1.0
123 126 1.0
123 118 1.0
123 116 1.0
123 115 1.0
123 114 1.0
123 113 1.0
123 111 1.0
123 110 1.0
123 107 1.0
123 100 1.0
123 99 1.0
123 96 1.0
123 94 1.0
123 93 1.0
123 92 1.0
123 91 1.0
123 88 1.0
123 86 1.0
123 84 1.0
123 83 1.0
123 82 1.0
123 76 1.0
123 75 1.0
123 73 1.0
123 71 1.0
123 69 1.0
123 68 1.0
123 66 1.0
123 64 1.0
123 62 1.0
123 61 1.0
123 58 1.0
123 53 1.0
123 52 1.0
123 46 1.0
123 45 1.0
123 43 1.0
123 41 1.0
123 38 1.0
123 36 1.0
123 30 1.0
123 28 1.0
123 27 1.0
123 25 1.0
123 24 1.0
123 22 1.0
123 20 1.0
123 19 1.0
123 14 1.0
123 13 1.0
123 10 1.0
123 8 1.0
123 7 1.0
123 2 1.0
124 104 1.0
124 77 1.0
124 59 1.0
124 54 1.0
124 49 1.0
124 40 1.0
124 29 1.0
124 26 1.0
124 21 1.0
124 18 1.0
124 15 1.0
124 9 1.0
124 4 1.0
124 3 1.0
125 128 1.0
125 121 1.0
125 117 1.0
125 114 1.0
125 110 1.0
125 108 1.0
125 105 1.0
125 102 1.0
125 101 1.0
125 100 1.0
125 97 1.0
125 91 1.0
125 90 1.0
125 88 1.0
125 80 1.0
125 79 1.0
125 78 1.0
125 76 1.0
125 74 1.0
125 73 1.0
125 68 1.0
125 65 1.0
125 62 1.0
125 51 1.0
125 43 1.0
125 39 1.0
125 34 1.0
125 33 1.0
125 28 1.0
125 27 1.0
125 19 1.0
125 16 1.0
125 14 1.0
125 8 1.0
125 7 1.0
126 128 1.0
126 127 1.0
126 123 1.0
126 118 1.0
126 116 1.0
126 115 1.0
126 114 1.0
126 113 1.0
126 111 1.0
126 110 1.0
126 107 1.0
126 100 1.0
126 99 1.0
126 96 1.0
126 94 1.0
126 93 1.0
126 92 1.0
126 91 1.0
126 88 1.0
126 86 1.0
126 84 1.0
126 83 1.0
126 82 1.0
126 76 1.0
126 75 1.0
126 73 1.0
126 71 1.0
126 69 1.0
126 68 1.0
126 66 1.0
126 62 1.0
126 61 1.0
126 58 1.0
126 53 1.0
126 52 1.0
126 46 1.0
126 45 1.0
126 43 1.0
126 41 1.0
126 38 1.0
126 36 1.0
126 30 1.0
126 28 1.0
126 27 1.0
126 25 1.0
126 24 1.0
126 22 1.0
126 20 1.0
126 19 1.0
126 14 1.0
126 10 1.0
126 8 1.0
126 7 1.0
126 2 1.0
127 126 1.0
127 123 1.0
127 122 1.0
127 116 1.0
127 115 1.0
127 113 1.0
127 111 1.0
127 107 1.0
127 99 1.0
127 96 1.0
127 95 1.0
127 94 1.0
127 93 1.0
127 92 1.0
127 91 1.0
127 89 1.0
127 88 1.0
127 86 1.0
127 84 1.0
127 83 1.0
127 82 1.0
127 76 1.0
127 75 1.0
127 71 1.0
127 70 1.0
127 69 1.0
127 68 1.0
127 66 1.0
127 64 1.0
127 62 1.0
127 61 1.0
127 60 1.0
127 58 1.0
127 56 1.0
127 53 1.0
127 52 1.0
127 46 1.0
127 45 1.0
127 41 1.0
127 38 1.0
127 36 1.0
127 30 1.0
127 28 1.0
127 27 1.0
127 25 1.0
127 24 1.0
127 23 1.0
127 20 1.0
127 13 1.0
127 10 1.0
127 6 1.0
127 2 1.0
128 126 1.0
128 125 1.0
128 123 1.0
128 122 1.0
128 117 1.0
128 115 1.0
128 114 1.0
128 113 1.0
128 110 1.0
128 109 1.0
128 108 1.0
128 107 1.0
128 105 1.0
128 102 1.0
128 101 1.0
128 100 1.0
128 99 1.0
128 98 1.0
128 97 1.0
128 94 1.0
128 92 1.0
128 91 1.0
128 90 1.0
128 88 1.0
128 83 1.0
128 80 1.0
128 79 1.0
128 78 1.0
128 76 1.0
128 75 1.0
128 74 1.0
128 73 1.0
128 70 1.0
128 69 1.0
128 68 1.0
128 67 1.0
128 66 1.0
128 64 1.0
128 62 1.0
128 57 1.0
128 55 1.0
128 52 1.0
128 45 1.0
128 43 1.0
128 39 1.0
128 28 1.0
128 27 1.0
128 20 1.0
128 19 1.0
128 14 1.0
128 8 1.0
128 7 1.0
128 2 1.0
128 1 1.0