 1 2 1.0
 1 3 1.0
 1 4 1.0
 1 5 1.0
 1 6 1.0
 1 7 1.0
 1 8 1.0
 1 9 1.0
 1 10 1.0
 1 11 1.0
 1 12 1.0
 1 13 1.0
 1 14 1.0
 1 15 1.0
 1 16 1.0
 1 33 1.0
 1 46 1.0
 1 47 1.0
 1 48 1.0
 1 49 1.0
 1 50 1.0
 1 51 1.0
 1 52 1.0
 1 53 1.0
 1 54 1.0
 1 61 1.0
 1 63 1.0
 1 64 1.0
 1 65 1.0
 1 66 1.0
 1 67 1.0
 1 70 1.0
 1 100 1.0
 1 101 1.0
 1 102 1.0
 1 103 1.0
 1 104 1.0
 1 105 1.0
 1 106 1.0
 1 107 1.0
 1 111 1.0
 1 112 1.0
 1 117 1.0
 1 118 1.0
 1 120 1.0
 1 128 1.0
 1 130 1.0
 1 132 1.0
 1 133 1.0
 1 134 1.0
 1 136 1.0
 1 137 1.0
 1 141 1.0
 1 142 1.0
 1 143 1.0
 1 144 1.0
 1 145 1.0
 1 146 1.0
 1 147 1.0
 1 151 1.0
 1 152 1.0
 1 153 1.0
 1 154 1.0
 1 155 1.0
 1 161 1.0
 1 162 1.0
 1 163 1.0
 1 179 1.0
 1 180 1.0
 1 68 1.0
 1 62 1.0
 1 60 1.0
 1 59 1.0
 1 58 1.0
 1 57 1.0
 1 56 1.0
 1 55 1.0
 1 45 1.0
 1 44 1.0
 1 43 1.0
 1 42 1.0
 1 41 1.0
 1 40 1.0
 1 39 1.0
 1 38 1.0
 1 184 1.0
 1 183 1.0
 1 37 1.0
 1 177 1.0
 1 176 1.0
 1 175 1.0
 1 174 1.0
 1 182 1.0
 1 173 1.0
 1 172 1.0
 1 171 1.0
 1 170 1.0
 1 169 1.0
 1 168 1.0
 1 167 1.0
 1 166 1.0
 1 165 1.0
 1 164 1.0
 1 160 1.0
 1 159 1.0
 1 97 1.0
 1 96 1.0
 1 95 1.0
 1 94 1.0
 1 93 1.0
 1 92 1.0
 1 91 1.0
 1 90 1.0
 1 89 1.0
 1 88 1.0
 1 87 1.0
 1 86 1.0
 1 85 1.0
 1 84 1.0
 1 83 1.0
 1 82 1.0
 1 81 1.0
 1 80 1.0
 1 79 1.0
 1 78 1.0
 1 77 1.0
 1 76 1.0
 1 75 1.0
 1 74 1.0
 1 73 1.0
 1 72 1.0
 1 71 1.0
 1 69 1.0
 1 99 1.0
 1 98 1.0
 1 35 1.0
 1 157 1.0
 1 110 1.0
 1 109 1.0
 1 36 1.0
 1 149 1.0
 1 119 1.0
 1 116 1.0
 1 115 1.0
 1 114 1.0
 1 113 1.0
 1 34 1.0
 1 139 1.0
 1 135 1.0
 1 131 1.0
 1 129 1.0
 1 127 1.0
 1 124 1.0
 1 123 1.0
 1 122 1.0
 1 121 1.0
 1 125 1.0
 2 3 1.0
 2 4 1.0
 2 5 1.0
 2 6 1.0
 2 7 1.0
 2 8 1.0
 2 9 1.0
 2 10 1.0
 2 11 1.0
 2 12 1.0
 2 13 1.0
 2 14 1.0
 2 15 1.0
 2 16 1.0
 2 33 1.0
 2 46 1.0
 2 47 1.0
 2 48 1.0
 2 49 1.0
 2 50 1.0
 2 51 1.0
 2 52 1.0
 2 53 1.0
 2 54 1.0
 2 61 1.0
 2 63 1.0
 2 64 1.0
 2 65 1.0
 2 66 1.0
 2 67 1.0
 2 70 1.0
 2 100 1.0
 2 101 1.0
 2 102 1.0
 2 103 1.0
 2 104 1.0
 2 105 1.0
 2 106 1.0
 2 107 1.0
 2 111 1.0
 2 112 1.0
 2 117 1.0
 2 118 1.0
 2 120 1.0
 2 128 1.0
 2 130 1.0
 2 132 1.0
 2 133 1.0
 2 134 1.0
 2 136 1.0
 2 137 1.0
 2 141 1.0
 2 142 1.0
 2 143 1.0
 2 144 1.0
 2 145 1.0
 2 146 1.0
 2 147 1.0
 2 151 1.0
 2 152 1.0
 2 153 1.0
 2 154 1.0
 2 155 1.0
 2 161 1.0
 2 162 1.0
 2 163 1.0
 2 179 1.0
 2 180 1.0
 2 68 1.0
 2 62 1.0
 2 60 1.0
 2 59 1.0
 2 58 1.0
 2 57 1.0
 2 56 1.0
 2 55 1.0
 2 45 1.0
 2 44 1.0
 2 43 1.0
 2 42 1.0
 2 41 1.0
 2 40 1.0
 2 39 1.0
 2 38 1.0
 2 184 1.0
 2 183 1.0
 2 37 1.0
 2 177 1.0
 2 176 1.0
 2 175 1.0
 2 174 1.0
 2 182 1.0
 2 173 1.0
 2 172 1.0
 2 171 1.0
 2 170 1.0
 2 169 1.0
 2 168 1.0
 2 167 1.0
 2 166 1.0
 2 165 1.0
 2 164 1.0
 2 160 1.0
 2 159 1.0
 2 97 1.0
 2 96 1.0
 2 95 1.0
 2 94 1.0
 2 93 1.0
 2 92 1.0
 2 91 1.0
 2 90 1.0
 2 89 1.0
 2 88 1.0
 2 87 1.0
 2 86 1.0
 2 85 1.0
 2 84 1.0
 2 83 1.0
 2 82 1.0
 2 81 1.0
 2 80 1.0
 2 79 1.0
 2 78 1.0
 2 77 1.0
 2 76 1.0
 2 75 1.0
 2 74 1.0
 2 73 1.0
 2 72 1.0
 2 71 1.0
 2 69 1.0
 2 99 1.0
 2 98 1.0
 2 35 1.0
 2 157 1.0
 2 110 1.0
 2 109 1.0
 2 36 1.0
 2 149 1.0
 2 119 1.0
 2 116 1.0
 2 115 1.0
 2 114 1.0
 2 113 1.0
 2 34 1.0
 2 139 1.0
 2 135 1.0
 2 131 1.0
 2 129 1.0
 2 127 1.0
 2 124 1.0
 2 123 1.0
 2 122 1.0
 2 121 1.0
 2 125 1.0
 3 4 1.0
 3 5 1.0
 3 6 1.0
 3 7 1.0
 3 8 1.0
 3 9 1.0
 3 10 1.0
 3 11 1.0
 3 12 1.0
 3 13 1.0
 3 14 1.0
 3 15 1.0
 3 16 1.0
 3 33 1.0
 3 46 1.0
 3 47 1.0
 3 48 1.0
 3 49 1.0
 3 50 1.0
 3 51 1.0
 3 52 1.0
 3 53 1.0
 3 54 1.0
 3 61 1.0
 3 63 1.0
 3 64 1.0
 3 65 1.0
 3 66 1.0
 3 67 1.0
 3 70 1.0
 3 100 1.0
 3 101 1.0
 3 102 1.0
 3 103 1.0
 3 104 1.0
 3 105 1.0
 3 106 1.0
 3 107 1.0
 3 111 1.0
 3 112 1.0
 3 117 1.0
 3 118 1.0
 3 120 1.0
 3 128 1.0
 3 130 1.0
 3 132 1.0
 3 133 1.0
 3 134 1.0
 3 136 1.0
 3 137 1.0
 3 141 1.0
 3 142 1.0
 3 143 1.0
 3 144 1.0
 3 145 1.0
 3 146 1.0
 3 147 1.0
 3 151 1.0
 3 152 1.0
 3 153 1.0
 3 154 1.0
 3 155 1.0
 3 161 1.0
 3 162 1.0
 3 163 1.0
 3 179 1.0
 3 180 1.0
 3 60 1.0
 3 59 1.0
 3 58 1.0
 3 57 1.0
 3 56 1.0
 3 55 1.0
 3 45 1.0
 3 44 1.0
 3 43 1.0
 3 42 1.0
 3 41 1.0
 3 40 1.0
 3 39 1.0
 3 38 1.0
 4 5 1.0
 4 6 1.0
 4 7 1.0
 4 8 1.0
 4 9 1.0
 4 10 1.0
 4 11 1.0
 4 12 1.0
 4 13 1.0
 4 14 1.0
 4 15 1.0
 4 16 1.0
 4 33 1.0
 4 46 1.0
 4 47 1.0
 4 48 1.0
 4 49 1.0
 4 50 1.0
 4 51 1.0
 4 52 1.0
 4 53 1.0
 4 54 1.0
 4 61 1.0
 4 63 1.0
 4 64 1.0
 4 65 1.0
 4 66 1.0
 4 67 1.0
 4 70 1.0
 4 100 1.0
 4 101 1.0
 4 102 1.0
 4 103 1.0
 4 104 1.0
 4 105 1.0
 4 106 1.0
 4 107 1.0
 4 111 1.0
 4 112 1.0
 4 117 1.0
 4 118 1.0
 4 120 1.0
 4 128 1.0
 4 130 1.0
 4 132 1.0
 4 133 1.0
 4 134 1.0
 4 136 1.0
 4 137 1.0
 4 141 1.0
 4 142 1.0
 4 143 1.0
 4 144 1.0
 4 145 1.0
 4 146 1.0
 4 147 1.0
 4 151 1.0
 4 152 1.0
 4 153 1.0
 4 154 1.0
 4 155 1.0
 4 161 1.0
 4 162 1.0
 4 163 1.0
 4 179 1.0
 4 180 1.0
 5 6 1.0
 5 7 1.0
 5 8 1.0
 5 9 1.0
 5 10 1.0
 5 11 1.0
 5 12 1.0
 5 13 1.0
 5 14 1.0
 5 15 1.0
 5 16 1.0
 5 33 1.0
 5 46 1.0
 5 47 1.0
 5 48 1.0
 5 49 1.0
 5 50 1.0
 5 51 1.0
 5 52 1.0
 5 53 1.0
 5 54 1.0
 5 61 1.0
 5 63 1.0
 5 64 1.0
 5 65 1.0
 5 66 1.0
 5 67 1.0
 5 70 1.0
 5 100 1.0
 5 101 1.0
 5 102 1.0
 5 103 1.0
 5 104 1.0
 5 105 1.0
 5 106 1.0
 5 107 1.0
 5 111 1.0
 5 112 1.0
 5 117 1.0
 5 118 1.0
 5 120 1.0
 5 128 1.0
 5 130 1.0
 5 132 1.0
 5 133 1.0
 5 134 1.0
 5 136 1.0
 5 137 1.0
 5 141 1.0
 5 142 1.0
 5 143 1.0
 5 144 1.0
 5 145 1.0
 5 146 1.0
 5 147 1.0
 5 151 1.0
 5 152 1.0
 5 153 1.0
 5 154 1.0
 5 155 1.0
 5 161 1.0
 5 162 1.0
 5 163 1.0
 5 179 1.0
 5 180 1.0
 5 38 1.0
 5 173 1.0
 6 7 1.0
 6 8 1.0
 6 9 1.0
 6 10 1.0
 6 11 1.0
 6 12 1.0
 6 13 1.0
 6 14 1.0
 6 15 1.0
 6 16 1.0
 6 33 1.0
 6 46 1.0
 6 47 1.0
 6 48 1.0
 6 49 1.0
 6 50 1.0
 6 51 1.0
 6 52 1.0
 6 53 1.0
 6 54 1.0
 6 61 1.0
 6 63 1.0
 6 64 1.0
 6 65 1.0
 6 66 1.0
 6 67 1.0
 6 70 1.0
 6 100 1.0
 6 101 1.0
 6 102 1.0
 6 103 1.0
 6 104 1.0
 6 105 1.0
 6 106 1.0
 6 107 1.0
 6 111 1.0
 6 112 1.0
 6 117 1.0
 6 118 1.0
 6 120 1.0
 6 128 1.0
 6 130 1.0
 6 132 1.0
 6 133 1.0
 6 134 1.0
 6 136 1.0
 6 137 1.0
 6 141 1.0
 6 142 1.0
 6 143 1.0
 6 144 1.0
 6 145 1.0
 6 146 1.0
 6 147 1.0
 6 151 1.0
 6 152 1.0
 6 153 1.0
 6 154 1.0
 6 155 1.0
 6 161 1.0
 6 162 1.0
 6 163 1.0
 6 179 1.0
 6 180 1.0
 6 39 1.0
 6 38 1.0
 6 172 1.0
 6 173 1.0
 7 8 1.0
 7 9 1.0
 7 10 1.0
 7 11 1.0
 7 12 1.0
 7 13 1.0
 7 14 1.0
 7 15 1.0
 7 16 1.0
 7 33 1.0
 7 46 1.0
 7 47 1.0
 7 48 1.0
 7 49 1.0
 7 50 1.0
 7 51 1.0
 7 52 1.0
 7 53 1.0
 7 54 1.0
 7 61 1.0
 7 63 1.0
 7 64 1.0
 7 65 1.0
 7 66 1.0
 7 67 1.0
 7 70 1.0
 7 100 1.0
 7 101 1.0
 7 102 1.0
 7 103 1.0
 7 104 1.0
 7 105 1.0
 7 106 1.0
 7 107 1.0
 7 111 1.0
 7 112 1.0
 7 117 1.0
 7 118 1.0
 7 120 1.0
 7 128 1.0
 7 130 1.0
 7 132 1.0
 7 133 1.0
 7 134 1.0
 7 136 1.0
 7 137 1.0
 7 141 1.0
 7 142 1.0
 7 143 1.0
 7 144 1.0
 7 145 1.0
 7 146 1.0
 7 147 1.0
 7 151 1.0
 7 152 1.0
 7 153 1.0
 7 154 1.0
 7 155 1.0
 7 161 1.0
 7 162 1.0
 7 163 1.0
 7 179 1.0
 7 180 1.0
 7 40 1.0
 7 39 1.0
 7 38 1.0
 7 171 1.0
 7 172 1.0
 7 173 1.0
 8 9 1.0
 8 10 1.0
 8 11 1.0
 8 12 1.0
 8 13 1.0
 8 14 1.0
 8 15 1.0
 8 16 1.0
 8 33 1.0
 8 46 1.0
 8 47 1.0
 8 48 1.0
 8 49 1.0
 8 50 1.0
 8 51 1.0
 8 52 1.0
 8 53 1.0
 8 54 1.0
 8 61 1.0
 8 63 1.0
 8 64 1.0
 8 65 1.0
 8 66 1.0
 8 67 1.0
 8 70 1.0
 8 100 1.0
 8 101 1.0
 8 102 1.0
 8 103 1.0
 8 104 1.0
 8 105 1.0
 8 106 1.0
 8 107 1.0
 8 111 1.0
 8 112 1.0
 8 117 1.0
 8 118 1.0
 8 120 1.0
 8 128 1.0
 8 130 1.0
 8 132 1.0
 8 133 1.0
 8 134 1.0
 8 136 1.0
 8 137 1.0
 8 141 1.0
 8 142 1.0
 8 143 1.0
 8 144 1.0
 8 145 1.0
 8 146 1.0
 8 147 1.0
 8 151 1.0
 8 152 1.0
 8 153 1.0
 8 154 1.0
 8 155 1.0
 8 161 1.0
 8 162 1.0
 8 163 1.0
 8 179 1.0
 8 180 1.0
 8 41 1.0
 8 40 1.0
 8 39 1.0
 8 38 1.0
 8 170 1.0
 8 171 1.0
 8 172 1.0
 8 173 1.0
 9 10 1.0
 9 11 1.0
 9 12 1.0
 9 13 1.0
 9 14 1.0
 9 15 1.0
 9 16 1.0
 9 33 1.0
 9 46 1.0
 9 47 1.0
 9 48 1.0
 9 49 1.0
 9 50 1.0
 9 51 1.0
 9 52 1.0
 9 53 1.0
 9 54 1.0
 9 61 1.0
 9 63 1.0
 9 64 1.0
 9 65 1.0
 9 66 1.0
 9 67 1.0
 9 70 1.0
 9 100 1.0
 9 101 1.0
 9 102 1.0
 9 103 1.0
 9 104 1.0
 9 105 1.0
 9 106 1.0
 9 107 1.0
 9 111 1.0
 9 112 1.0
 9 117 1.0
 9 118 1.0
 9 120 1.0
 9 128 1.0
 9 130 1.0
 9 132 1.0
 9 133 1.0
 9 134 1.0
 9 136 1.0
 9 137 1.0
 9 141 1.0
 9 142 1.0
 9 143 1.0
 9 144 1.0
 9 145 1.0
 9 146 1.0
 9 147 1.0
 9 151 1.0
 9 152 1.0
 9 153 1.0
 9 154 1.0
 9 155 1.0
 9 161 1.0
 9 162 1.0
 9 163 1.0
 9 179 1.0
 9 180 1.0
 9 42 1.0
 9 41 1.0
 9 40 1.0
 9 39 1.0
 9 38 1.0
 9 169 1.0
 9 170 1.0
 9 171 1.0
 9 172 1.0
 9 173 1.0
 10 11 1.0
 10 12 1.0
 10 13 1.0
 10 14 1.0
 10 15 1.0
 10 16 1.0
 10 33 1.0
 10 46 1.0
 10 47 1.0
 10 48 1.0
 10 49 1.0
 10 50 1.0
 10 51 1.0
 10 52 1.0
 10 53 1.0
 10 54 1.0
 10 61 1.0
 10 63 1.0
 10 64 1.0
 10 65 1.0
 10 66 1.0
 10 67 1.0
 10 70 1.0
 10 100 1.0
 10 101 1.0
 10 102 1.0
 10 103 1.0
 10 104 1.0
 10 105 1.0
 10 106 1.0
 10 107 1.0
 10 111 1.0
 10 112 1.0
 10 117 1.0
 10 118 1.0
 10 120 1.0
 10 128 1.0
 10 130 1.0
 10 132 1.0
 10 133 1.0
 10 134 1.0
 10 136 1.0
 10 137 1.0
 10 141 1.0
 10 142 1.0
 10 143 1.0
 10 144 1.0
 10 145 1.0
 10 146 1.0
 10 147 1.0
 10 151 1.0
 10 152 1.0
 10 153 1.0
 10 154 1.0
 10 155 1.0
 10 161 1.0
 10 162 1.0
 10 163 1.0
 10 179 1.0
 10 180 1.0
 10 43 1.0
 10 42 1.0
 10 41 1.0
 10 40 1.0
 10 39 1.0
 10 38 1.0
 10 168 1.0
 10 169 1.0
 10 170 1.0
 10 171 1.0
 10 172 1.0
 10 173 1.0
 11 12 1.0
 11 13 1.0
 11 14 1.0
 11 15 1.0
 11 16 1.0
 11 33 1.0
 11 46 1.0
 11 47 1.0
 11 48 1.0
 11 49 1.0
 11 50 1.0
 11 51 1.0
 11 52 1.0
 11 53 1.0
 11 54 1.0
 11 61 1.0
 11 63 1.0
 11 64 1.0
 11 65 1.0
 11 66 1.0
 11 67 1.0
 11 70 1.0
 11 100 1.0
 11 101 1.0
 11 102 1.0
 11 103 1.0
 11 104 1.0
 11 105 1.0
 11 106 1.0
 11 107 1.0
 11 111 1.0
 11 112 1.0
 11 117 1.0
 11 118 1.0
 11 120 1.0
 11 128 1.0
 11 130 1.0
 11 132 1.0
 11 133 1.0
 11 134 1.0
 11 136 1.0
 11 137 1.0
 11 141 1.0
 11 142 1.0
 11 143 1.0
 11 144 1.0
 11 145 1.0
 11 146 1.0
 11 147 1.0
 11 151 1.0
 11 152 1.0
 11 153 1.0
 11 154 1.0
 11 155 1.0
 11 161 1.0
 11 162 1.0
 11 163 1.0
 11 179 1.0
 11 180 1.0
 11 45 1.0
 11 44 1.0
 11 43 1.0
 11 42 1.0
 11 41 1.0
 11 40 1.0
 11 39 1.0
 11 38 1.0
 12 13 1.0
 12 14 1.0
 12 15 1.0
 12 16 1.0
 12 33 1.0
 12 46 1.0
 12 47 1.0
 12 48 1.0
 12 49 1.0
 12 50 1.0
 12 51 1.0
 12 52 1.0
 12 53 1.0
 12 54 1.0
 12 61 1.0
 12 63 1.0
 12 64 1.0
 12 65 1.0
 12 66 1.0
 12 67 1.0
 12 70 1.0
 12 100 1.0
 12 101 1.0
 12 102 1.0
 12 103 1.0
 12 104 1.0
 12 105 1.0
 12 106 1.0
 12 107 1.0
 12 111 1.0
 12 112 1.0
 12 117 1.0
 12 118 1.0
 12 120 1.0
 12 128 1.0
 12 130 1.0
 12 132 1.0
 12 133 1.0
 12 134 1.0
 12 136 1.0
 12 137 1.0
 12 141 1.0
 12 142 1.0
 12 143 1.0
 12 144 1.0
 12 145 1.0
 12 146 1.0
 12 147 1.0
 12 151 1.0
 12 152 1.0
 12 153 1.0
 12 154 1.0
 12 155 1.0
 12 161 1.0
 12 162 1.0
 12 163 1.0
 12 179 1.0
 12 180 1.0
 12 56 1.0
 12 55 1.0
 12 45 1.0
 12 44 1.0
 12 43 1.0
 12 42 1.0
 12 41 1.0
 12 40 1.0
 12 39 1.0
 12 38 1.0
 13 14 1.0
 13 15 1.0
 13 16 1.0
 13 33 1.0
 13 46 1.0
 13 47 1.0
 13 48 1.0
 13 49 1.0
 13 50 1.0
 13 51 1.0
 13 52 1.0
 13 53 1.0
 13 54 1.0
 13 61 1.0
 13 63 1.0
 13 64 1.0
 13 65 1.0
 13 66 1.0
 13 67 1.0
 13 70 1.0
 13 100 1.0
 13 101 1.0
 13 102 1.0
 13 103 1.0
 13 104 1.0
 13 105 1.0
 13 106 1.0
 13 107 1.0
 13 111 1.0
 13 112 1.0
 13 117 1.0
 13 118 1.0
 13 120 1.0
 13 128 1.0
 13 130 1.0
 13 132 1.0
 13 133 1.0
 13 134 1.0
 13 136 1.0
 13 137 1.0
 13 141 1.0
 13 142 1.0
 13 143 1.0
 13 144 1.0
 13 145 1.0
 13 146 1.0
 13 147 1.0
 13 151 1.0
 13 152 1.0
 13 153 1.0
 13 154 1.0
 13 155 1.0
 13 161 1.0
 13 162 1.0
 13 163 1.0
 13 179 1.0
 13 180 1.0
 13 58 1.0
 13 57 1.0
 13 56 1.0
 13 55 1.0
 13 45 1.0
 13 44 1.0
 13 43 1.0
 13 42 1.0
 13 41 1.0
 13 40 1.0
 13 39 1.0
 13 38 1.0
 14 15 1.0
 14 16 1.0
 14 33 1.0
 14 46 1.0
 14 47 1.0
 14 48 1.0
 14 49 1.0
 14 50 1.0
 14 51 1.0
 14 52 1.0
 14 53 1.0
 14 54 1.0
 14 61 1.0
 14 63 1.0
 14 64 1.0
 14 65 1.0
 14 66 1.0
 14 67 1.0
 14 70 1.0
 14 100 1.0
 14 101 1.0
 14 102 1.0
 14 103 1.0
 14 104 1.0
 14 105 1.0
 14 106 1.0
 14 107 1.0
 14 111 1.0
 14 112 1.0
 14 117 1.0
 14 118 1.0
 14 120 1.0
 14 128 1.0
 14 130 1.0
 14 132 1.0
 14 133 1.0
 14 134 1.0
 14 136 1.0
 14 137 1.0
 14 141 1.0
 14 142 1.0
 14 143 1.0
 14 144 1.0
 14 145 1.0
 14 146 1.0
 14 147 1.0
 14 151 1.0
 14 152 1.0
 14 153 1.0
 14 154 1.0
 14 155 1.0
 14 161 1.0
 14 162 1.0
 14 163 1.0
 14 179 1.0
 14 180 1.0
 14 59 1.0
 14 58 1.0
 14 57 1.0
 14 56 1.0
 14 55 1.0
 14 45 1.0
 14 44 1.0
 14 43 1.0
 14 42 1.0
 14 41 1.0
 14 40 1.0
 14 39 1.0
 14 38 1.0
 15 16 1.0
 15 33 1.0
 15 46 1.0
 15 47 1.0
 15 48 1.0
 15 49 1.0
 15 50 1.0
 15 51 1.0
 15 52 1.0
 15 53 1.0
 15 54 1.0
 15 61 1.0
 15 63 1.0
 15 64 1.0
 15 65 1.0
 15 66 1.0
 15 67 1.0
 15 70 1.0
 15 100 1.0
 15 101 1.0
 15 102 1.0
 15 103 1.0
 15 104 1.0
 15 105 1.0
 15 106 1.0
 15 107 1.0
 15 111 1.0
 15 112 1.0
 15 117 1.0
 15 118 1.0
 15 120 1.0
 15 128 1.0
 15 130 1.0
 15 132 1.0
 15 133 1.0
 15 134 1.0
 15 136 1.0
 15 137 1.0
 15 141 1.0
 15 142 1.0
 15 143 1.0
 15 144 1.0
 15 145 1.0
 15 146 1.0
 15 147 1.0
 15 151 1.0
 15 152 1.0
 15 153 1.0
 15 154 1.0
 15 155 1.0
 15 161 1.0
 15 162 1.0
 15 163 1.0
 15 179 1.0
 15 180 1.0
 16 33 1.0
 16 46 1.0
 16 47 1.0
 16 48 1.0
 16 49 1.0
 16 50 1.0
 16 51 1.0
 16 52 1.0
 16 53 1.0
 16 54 1.0
 16 61 1.0
 16 63 1.0
 16 64 1.0
 16 65 1.0
 16 66 1.0
 16 67 1.0
 16 70 1.0
 16 100 1.0
 16 101 1.0
 16 102 1.0
 16 103 1.0
 16 104 1.0
 16 105 1.0
 16 106 1.0
 16 107 1.0
 16 111 1.0
 16 112 1.0
 16 117 1.0
 16 118 1.0
 16 120 1.0
 16 128 1.0
 16 130 1.0
 16 132 1.0
 16 133 1.0
 16 134 1.0
 16 136 1.0
 16 137 1.0
 16 141 1.0
 16 142 1.0
 16 143 1.0
 16 144 1.0
 16 145 1.0
 16 146 1.0
 16 147 1.0
 16 151 1.0
 16 152 1.0
 16 153 1.0
 16 154 1.0
 16 155 1.0
 16 161 1.0
 16 162 1.0
 16 163 1.0
 16 179 1.0
 16 180 1.0
 16 44 1.0
 16 43 1.0
 16 42 1.0
 16 41 1.0
 16 40 1.0
 16 39 1.0
 16 38 1.0
 16 168 1.0
 16 169 1.0
 16 170 1.0
 16 171 1.0
 16 172 1.0
 16 173 1.0
 16 167 1.0
 17 18 1.0
 17 19 1.0
 17 20 1.0
 17 21 1.0
 17 22 1.0
 17 23 1.0
 17 24 1.0
 17 25 1.0
 17 26 1.0
 17 27 1.0
 17 28 1.0
 17 29 1.0
 17 30 1.0
 17 31 1.0
 17 32 1.0
 17 34 1.0
 17 35 1.0
 17 36 1.0
 17 37 1.0
 17 38 1.0
 17 39 1.0
 17 40 1.0
 17 41 1.0
 17 42 1.0
 17 43 1.0
 17 44 1.0
 17 45 1.0
 17 55 1.0
 17 56 1.0
 17 57 1.0
 17 58 1.0
 17 59 1.0
 17 60 1.0
 17 62 1.0
 17 68 1.0
 17 69 1.0
 17 71 1.0
 17 72 1.0
 17 73 1.0
 17 74 1.0
 17 75 1.0
 17 76 1.0
 17 77 1.0
 17 78 1.0
 17 79 1.0
 17 80 1.0
 17 81 1.0
 17 82 1.0
 17 83 1.0
 17 84 1.0
 17 85 1.0
 17 86 1.0
 17 87 1.0
 17 88 1.0
 17 89 1.0
 17 90 1.0
 17 91 1.0
 17 92 1.0
 17 93 1.0
 17 94 1.0
 17 95 1.0
 17 96 1.0
 17 97 1.0
 17 98 1.0
 17 99 1.0
 17 109 1.0
 17 110 1.0
 17 113 1.0
 17 114 1.0
 17 115 1.0
 17 116 1.0
 17 119 1.0
 17 121 1.0
 17 122 1.0
 17 123 1.0
 17 124 1.0
 17 125 1.0
 17 127 1.0
 17 129 1.0
 17 131 1.0
 17 135 1.0
 17 139 1.0
 17 149 1.0
 17 157 1.0
 17 159 1.0
 17 160 1.0
 17 164 1.0
 17 165 1.0
 17 166 1.0
 17 167 1.0
 17 168 1.0
 17 169 1.0
 17 170 1.0
 17 171 1.0
 17 172 1.0
 17 173 1.0
 17 174 1.0
 17 175 1.0
 17 176 1.0
 17 177 1.0
 17 182 1.0
 17 183 1.0
 17 184 1.0
 17 67 1.0
 17 66 1.0
 17 65 1.0
 17 64 1.0
 17 63 1.0
 17 61 1.0
 17 54 1.0
 17 53 1.0
 17 52 1.0
 17 51 1.0
 17 50 1.0
 17 49 1.0
 17 48 1.0
 17 47 1.0
 17 46 1.0
 17 180 1.0
 17 179 1.0
 17 163 1.0
 17 162 1.0
 17 161 1.0
 17 70 1.0
 17 33 1.0
 17 107 1.0
 17 106 1.0
 17 105 1.0
 17 104 1.0
 17 103 1.0
 17 102 1.0
 17 101 1.0
 17 100 1.0
 17 155 1.0
 17 154 1.0
 17 153 1.0
 17 152 1.0
 17 151 1.0
 17 112 1.0
 17 111 1.0
 17 147 1.0
 17 146 1.0
 17 145 1.0
 17 144 1.0
 17 143 1.0
 17 142 1.0
 17 141 1.0
 17 120 1.0
 17 118 1.0
 17 117 1.0
 17 137 1.0
 17 136 1.0
 17 134 1.0
 17 133 1.0
 17 132 1.0
 17 130 1.0
 17 128 1.0
 18 19 1.0
 18 20 1.0
 18 21 1.0
 18 22 1.0
 18 23 1.0
 18 24 1.0
 18 25 1.0
 18 26 1.0
 18 27 1.0
 18 28 1.0
 18 29 1.0
 18 30 1.0
 18 31 1.0
 18 32 1.0
 18 34 1.0
 18 35 1.0
 18 36 1.0
 18 37 1.0
 18 38 1.0
 18 39 1.0
 18 40 1.0
 18 41 1.0
 18 42 1.0
 18 43 1.0
 18 44 1.0
 18 45 1.0
 18 55 1.0
 18 56 1.0
 18 57 1.0
 18 58 1.0
 18 59 1.0
 18 60 1.0
 18 62 1.0
 18 68 1.0
 18 69 1.0
 18 71 1.0
 18 72 1.0
 18 73 1.0
 18 74 1.0
 18 75 1.0
 18 76 1.0
 18 77 1.0
 18 78 1.0
 18 79 1.0
 18 80 1.0
 18 81 1.0
 18 82 1.0
 18 83 1.0
 18 84 1.0
 18 85 1.0
 18 86 1.0
 18 87 1.0
 18 88 1.0
 18 89 1.0
 18 90 1.0
 18 91 1.0
 18 92 1.0
 18 93 1.0
 18 94 1.0
 18 95 1.0
 18 96 1.0
 18 97 1.0
 18 98 1.0
 18 99 1.0
 18 109 1.0
 18 110 1.0
 18 113 1.0
 18 114 1.0
 18 115 1.0
 18 116 1.0
 18 119 1.0
 18 121 1.0
 18 122 1.0
 18 123 1.0
 18 124 1.0
 18 125 1.0
 18 127 1.0
 18 129 1.0
 18 131 1.0
 18 135 1.0
 18 139 1.0
 18 149 1.0
 18 157 1.0
 18 159 1.0
 18 160 1.0
 18 164 1.0
 18 165 1.0
 18 166 1.0
 18 167 1.0
 18 168 1.0
 18 169 1.0
 18 170 1.0
 18 171 1.0
 18 172 1.0
 18 173 1.0
 18 174 1.0
 18 175 1.0
 18 176 1.0
 18 177 1.0
 18 182 1.0
 18 183 1.0
 18 184 1.0
 19 20 1.0
 19 21 1.0
 19 22 1.0
 19 23 1.0
 19 24 1.0
 19 25 1.0
 19 26 1.0
 19 27 1.0
 19 28 1.0
 19 29 1.0
 19 30 1.0
 19 31 1.0
 19 32 1.0
 19 34 1.0
 19 35 1.0
 19 36 1.0
 19 37 1.0
 19 38 1.0
 19 39 1.0
 19 40 1.0
 19 41 1.0
 19 42 1.0
 19 43 1.0
 19 44 1.0
 19 45 1.0
 19 55 1.0
 19 56 1.0
 19 57 1.0
 19 58 1.0
 19 59 1.0
 19 60 1.0
 19 62 1.0
 19 68 1.0
 19 69 1.0
 19 71 1.0
 19 72 1.0
 19 73 1.0
 19 74 1.0
 19 75 1.0
 19 76 1.0
 19 77 1.0
 19 78 1.0
 19 79 1.0
 19 80 1.0
 19 81 1.0
 19 82 1.0
 19 83 1.0
 19 84 1.0
 19 85 1.0
 19 86 1.0
 19 87 1.0
 19 88 1.0
 19 89 1.0
 19 90 1.0
 19 91 1.0
 19 92 1.0
 19 93 1.0
 19 94 1.0
 19 95 1.0
 19 96 1.0
 19 97 1.0
 19 98 1.0
 19 99 1.0
 19 109 1.0
 19 110 1.0
 19 113 1.0
 19 114 1.0
 19 115 1.0
 19 116 1.0
 19 119 1.0
 19 121 1.0
 19 122 1.0
 19 123 1.0
 19 124 1.0
 19 125 1.0
 19 127 1.0
 19 129 1.0
 19 131 1.0
 19 135 1.0
 19 139 1.0
 19 149 1.0
 19 157 1.0
 19 159 1.0
 19 160 1.0
 19 164 1.0
 19 165 1.0
 19 166 1.0
 19 167 1.0
 19 168 1.0
 19 169 1.0
 19 170 1.0
 19 171 1.0
 19 172 1.0
 19 173 1.0
 19 174 1.0
 19 175 1.0
 19 176 1.0
 19 177 1.0
 19 182 1.0
 19 183 1.0
 19 184 1.0
 19 46 1.0
 19 161 1.0
 20 21 1.0
 20 22 1.0
 20 23 1.0
 20 24 1.0
 20 25 1.0
 20 26 1.0
 20 27 1.0
 20 28 1.0
 20 29 1.0
 20 30 1.0
 20 31 1.0
 20 32 1.0
 20 34 1.0
 20 35 1.0
 20 36 1.0
 20 37 1.0
 20 38 1.0
 20 39 1.0
 20 40 1.0
 20 41 1.0
 20 42 1.0
 20 43 1.0
 20 44 1.0
 20 45 1.0
 20 55 1.0
 20 56 1.0
 20 57 1.0
 20 58 1.0
 20 59 1.0
 20 60 1.0
 20 62 1.0
 20 68 1.0
 20 69 1.0
 20 71 1.0
 20 72 1.0
 20 73 1.0
 20 74 1.0
 20 75 1.0
 20 76 1.0
 20 77 1.0
 20 78 1.0
 20 79 1.0
 20 80 1.0
 20 81 1.0
 20 82 1.0
 20 83 1.0
 20 84 1.0
 20 85 1.0
 20 86 1.0
 20 87 1.0
 20 88 1.0
 20 89 1.0
 20 90 1.0
 20 91 1.0
 20 92 1.0
 20 93 1.0
 20 94 1.0
 20 95 1.0
 20 96 1.0
 20 97 1.0
 20 98 1.0
 20 99 1.0
 20 109 1.0
 20 110 1.0
 20 113 1.0
 20 114 1.0
 20 115 1.0
 20 116 1.0
 20 119 1.0
 20 121 1.0
 20 122 1.0
 20 123 1.0
 20 124 1.0
 20 125 1.0
 20 127 1.0
 20 129 1.0
 20 131 1.0
 20 135 1.0
 20 139 1.0
 20 149 1.0
 20 157 1.0
 20 159 1.0
 20 160 1.0
 20 164 1.0
 20 165 1.0
 20 166 1.0
 20 167 1.0
 20 168 1.0
 20 169 1.0
 20 170 1.0
 20 171 1.0
 20 172 1.0
 20 173 1.0
 20 174 1.0
 20 175 1.0
 20 176 1.0
 20 177 1.0
 20 182 1.0
 20 183 1.0
 20 184 1.0
 20 47 1.0
 20 46 1.0
 20 162 1.0
 20 161 1.0
 21 22 1.0
 21 23 1.0
 21 24 1.0
 21 25 1.0
 21 26 1.0
 21 27 1.0
 21 28 1.0
 21 29 1.0
 21 30 1.0
 21 31 1.0
 21 32 1.0
 21 34 1.0
 21 35 1.0
 21 36 1.0
 21 37 1.0
 21 38 1.0
 21 39 1.0
 21 40 1.0
 21 41 1.0
 21 42 1.0
 21 43 1.0
 21 44 1.0
 21 45 1.0
 21 55 1.0
 21 56 1.0
 21 57 1.0
 21 58 1.0
 21 59 1.0
 21 60 1.0
 21 62 1.0
 21 68 1.0
 21 69 1.0
 21 71 1.0
 21 72 1.0
 21 73 1.0
 21 74 1.0
 21 75 1.0
 21 76 1.0
 21 77 1.0
 21 78 1.0
 21 79 1.0
 21 80 1.0
 21 81 1.0
 21 82 1.0
 21 83 1.0
 21 84 1.0
 21 85 1.0
 21 86 1.0
 21 87 1.0
 21 88 1.0
 21 89 1.0
 21 90 1.0
 21 91 1.0
 21 92 1.0
 21 93 1.0
 21 94 1.0
 21 95 1.0
 21 96 1.0
 21 97 1.0
 21 98 1.0
 21 99 1.0
 21 109 1.0
 21 110 1.0
 21 113 1.0
 21 114 1.0
 21 115 1.0
 21 116 1.0
 21 119 1.0
 21 121 1.0
 21 122 1.0
 21 123 1.0
 21 124 1.0
 21 125 1.0
 21 127 1.0
 21 129 1.0
 21 131 1.0
 21 135 1.0
 21 139 1.0
 21 149 1.0
 21 157 1.0
 21 159 1.0
 21 160 1.0
 21 164 1.0
 21 165 1.0
 21 166 1.0
 21 167 1.0
 21 168 1.0
 21 169 1.0
 21 170 1.0
 21 171 1.0
 21 172 1.0
 21 173 1.0
 21 174 1.0
 21 175 1.0
 21 176 1.0
 21 177 1.0
 21 182 1.0
 21 183 1.0
 21 184 1.0
 21 48 1.0
 21 47 1.0
 21 46 1.0
 21 163 1.0
 21 162 1.0
 21 161 1.0
 22 23 1.0
 22 24 1.0
 22 25 1.0
 22 26 1.0
 22 27 1.0
 22 28 1.0
 22 29 1.0
 22 30 1.0
 22 31 1.0
 22 32 1.0
 22 34 1.0
 22 35 1.0
 22 36 1.0
 22 37 1.0
 22 38 1.0
 22 39 1.0
 22 40 1.0
 22 41 1.0
 22 42 1.0
 22 43 1.0
 22 44 1.0
 22 45 1.0
 22 55 1.0
 22 56 1.0
 22 57 1.0
 22 58 1.0
 22 59 1.0
 22 60 1.0
 22 62 1.0
 22 68 1.0
 22 69 1.0
 22 71 1.0
 22 72 1.0
 22 73 1.0
 22 74 1.0
 22 75 1.0
 22 76 1.0
 22 77 1.0
 22 78 1.0
 22 79 1.0
 22 80 1.0
 22 81 1.0
 22 82 1.0
 22 83 1.0
 22 84 1.0
 22 85 1.0
 22 86 1.0
 22 87 1.0
 22 88 1.0
 22 89 1.0
 22 90 1.0
 22 91 1.0
 22 92 1.0
 22 93 1.0
 22 94 1.0
 22 95 1.0
 22 96 1.0
 22 97 1.0
 22 98 1.0
 22 99 1.0
 22 109 1.0
 22 110 1.0
 22 113 1.0
 22 114 1.0
 22 115 1.0
 22 116 1.0
 22 119 1.0
 22 121 1.0
 22 122 1.0
 22 123 1.0
 22 124 1.0
 22 125 1.0
 22 127 1.0
 22 129 1.0
 22 131 1.0
 22 135 1.0
 22 139 1.0
 22 149 1.0
 22 157 1.0
 22 159 1.0
 22 160 1.0
 22 164 1.0
 22 165 1.0
 22 166 1.0
 22 167 1.0
 22 168 1.0
 22 169 1.0
 22 170 1.0
 22 171 1.0
 22 172 1.0
 22 173 1.0
 22 174 1.0
 22 175 1.0
 22 176 1.0
 22 177 1.0
 22 182 1.0
 22 183 1.0
 22 184 1.0
 22 49 1.0
 22 48 1.0
 22 47 1.0
 22 46 1.0
 22 163 1.0
 22 162 1.0
 22 161 1.0
 23 24 1.0
 23 25 1.0
 23 26 1.0
 23 27 1.0
 23 28 1.0
 23 29 1.0
 23 30 1.0
 23 31 1.0
 23 32 1.0
 23 34 1.0
 23 35 1.0
 23 36 1.0
 23 37 1.0
 23 38 1.0
 23 39 1.0
 23 40 1.0
 23 41 1.0
 23 42 1.0
 23 43 1.0
 23 44 1.0
 23 45 1.0
 23 55 1.0
 23 56 1.0
 23 57 1.0
 23 58 1.0
 23 59 1.0
 23 60 1.0
 23 62 1.0
 23 68 1.0
 23 69 1.0
 23 71 1.0
 23 72 1.0
 23 73 1.0
 23 74 1.0
 23 75 1.0
 23 76 1.0
 23 77 1.0
 23 78 1.0
 23 79 1.0
 23 80 1.0
 23 81 1.0
 23 82 1.0
 23 83 1.0
 23 84 1.0
 23 85 1.0
 23 86 1.0
 23 87 1.0
 23 88 1.0
 23 89 1.0
 23 90 1.0
 23 91 1.0
 23 92 1.0
 23 93 1.0
 23 94 1.0
 23 95 1.0
 23 96 1.0
 23 97 1.0
 23 98 1.0
 23 99 1.0
 23 109 1.0
 23 110 1.0
 23 113 1.0
 23 114 1.0
 23 115 1.0
 23 116 1.0
 23 119 1.0
 23 121 1.0
 23 122 1.0
 23 123 1.0
 23 124 1.0
 23 125 1.0
 23 127 1.0
 23 129 1.0
 23 131 1.0
 23 135 1.0
 23 139 1.0
 23 149 1.0
 23 157 1.0
 23 159 1.0
 23 160 1.0
 23 164 1.0
 23 165 1.0
 23 166 1.0
 23 167 1.0
 23 168 1.0
 23 169 1.0
 23 170 1.0
 23 171 1.0
 23 172 1.0
 23 173 1.0
 23 174 1.0
 23 175 1.0
 23 176 1.0
 23 177 1.0
 23 182 1.0
 23 183 1.0
 23 184 1.0
 23 50 1.0
 23 49 1.0
 23 48 1.0
 23 47 1.0
 23 46 1.0
 23 163 1.0
 23 162 1.0
 23 161 1.0
 24 25 1.0
 24 26 1.0
 24 27 1.0
 24 28 1.0
 24 29 1.0
 24 30 1.0
 24 31 1.0
 24 32 1.0
 24 34 1.0
 24 35 1.0
 24 36 1.0
 24 37 1.0
 24 38 1.0
 24 39 1.0
 24 40 1.0
 24 41 1.0
 24 42 1.0
 24 43 1.0
 24 44 1.0
 24 45 1.0
 24 55 1.0
 24 56 1.0
 24 57 1.0
 24 58 1.0
 24 59 1.0
 24 60 1.0
 24 62 1.0
 24 68 1.0
 24 69 1.0
 24 71 1.0
 24 72 1.0
 24 73 1.0
 24 74 1.0
 24 75 1.0
 24 76 1.0
 24 77 1.0
 24 78 1.0
 24 79 1.0
 24 80 1.0
 24 81 1.0
 24 82 1.0
 24 83 1.0
 24 84 1.0
 24 85 1.0
 24 86 1.0
 24 87 1.0
 24 88 1.0
 24 89 1.0
 24 90 1.0
 24 91 1.0
 24 92 1.0
 24 93 1.0
 24 94 1.0
 24 95 1.0
 24 96 1.0
 24 97 1.0
 24 98 1.0
 24 99 1.0
 24 109 1.0
 24 110 1.0
 24 113 1.0
 24 114 1.0
 24 115 1.0
 24 116 1.0
 24 119 1.0
 24 121 1.0
 24 122 1.0
 24 123 1.0
 24 124 1.0
 24 125 1.0
 24 127 1.0
 24 129 1.0
 24 131 1.0
 24 135 1.0
 24 139 1.0
 24 149 1.0
 24 157 1.0
 24 159 1.0
 24 160 1.0
 24 164 1.0
 24 165 1.0
 24 166 1.0
 24 167 1.0
 24 168 1.0
 24 169 1.0
 24 170 1.0
 24 171 1.0
 24 172 1.0
 24 173 1.0
 24 174 1.0
 24 175 1.0
 24 176 1.0
 24 177 1.0
 24 182 1.0
 24 183 1.0
 24 184 1.0
 24 51 1.0
 24 50 1.0
 24 49 1.0
 24 48 1.0
 24 47 1.0
 24 46 1.0
 24 163 1.0
 24 162 1.0
 24 161 1.0
 25 26 1.0
 25 27 1.0
 25 28 1.0
 25 29 1.0
 25 30 1.0
 25 31 1.0
 25 32 1.0
 25 34 1.0
 25 35 1.0
 25 36 1.0
 25 37 1.0
 25 38 1.0
 25 39 1.0
 25 40 1.0
 25 41 1.0
 25 42 1.0
 25 43 1.0
 25 44 1.0
 25 45 1.0
 25 55 1.0
 25 56 1.0
 25 57 1.0
 25 58 1.0
 25 59 1.0
 25 60 1.0
 25 62 1.0
 25 68 1.0
 25 69 1.0
 25 71 1.0
 25 72 1.0
 25 73 1.0
 25 74 1.0
 25 75 1.0
 25 76 1.0
 25 77 1.0
 25 78 1.0
 25 79 1.0
 25 80 1.0
 25 81 1.0
 25 82 1.0
 25 83 1.0
 25 84 1.0
 25 85 1.0
 25 86 1.0
 25 87 1.0
 25 88 1.0
 25 89 1.0
 25 90 1.0
 25 91 1.0
 25 92 1.0
 25 93 1.0
 25 94 1.0
 25 95 1.0
 25 96 1.0
 25 97 1.0
 25 98 1.0
 25 99 1.0
 25 109 1.0
 25 110 1.0
 25 113 1.0
 25 114 1.0
 25 115 1.0
 25 116 1.0
 25 119 1.0
 25 121 1.0
 25 122 1.0
 25 123 1.0
 25 124 1.0
 25 125 1.0
 25 127 1.0
 25 129 1.0
 25 131 1.0
 25 135 1.0
 25 139 1.0
 25 149 1.0
 25 157 1.0
 25 159 1.0
 25 160 1.0
 25 164 1.0
 25 165 1.0
 25 166 1.0
 25 167 1.0
 25 168 1.0
 25 169 1.0
 25 170 1.0
 25 171 1.0
 25 172 1.0
 25 173 1.0
 25 174 1.0
 25 175 1.0
 25 176 1.0
 25 177 1.0
 25 182 1.0
 25 183 1.0
 25 184 1.0
 25 52 1.0
 25 51 1.0
 25 50 1.0
 25 49 1.0
 25 48 1.0
 25 47 1.0
 25 46 1.0
 25 163 1.0
 25 162 1.0
 25 161 1.0
 26 27 1.0
 26 28 1.0
 26 29 1.0
 26 30 1.0
 26 31 1.0
 26 32 1.0
 26 34 1.0
 26 35 1.0
 26 36 1.0
 26 37 1.0
 26 38 1.0
 26 39 1.0
 26 40 1.0
 26 41 1.0
 26 42 1.0
 26 43 1.0
 26 44 1.0
 26 45 1.0
 26 55 1.0
 26 56 1.0
 26 57 1.0
 26 58 1.0
 26 59 1.0
 26 60 1.0
 26 62 1.0
 26 68 1.0
 26 69 1.0
 26 71 1.0
 26 72 1.0
 26 73 1.0
 26 74 1.0
 26 75 1.0
 26 76 1.0
 26 77 1.0
 26 78 1.0
 26 79 1.0
 26 80 1.0
 26 81 1.0
 26 82 1.0
 26 83 1.0
 26 84 1.0
 26 85 1.0
 26 86 1.0
 26 87 1.0
 26 88 1.0
 26 89 1.0
 26 90 1.0
 26 91 1.0
 26 92 1.0
 26 93 1.0
 26 94 1.0
 26 95 1.0
 26 96 1.0
 26 97 1.0
 26 98 1.0
 26 99 1.0
 26 109 1.0
 26 110 1.0
 26 113 1.0
 26 114 1.0
 26 115 1.0
 26 116 1.0
 26 119 1.0
 26 121 1.0
 26 122 1.0
 26 123 1.0
 26 124 1.0
 26 125 1.0
 26 127 1.0
 26 129 1.0
 26 131 1.0
 26 135 1.0
 26 139 1.0
 26 149 1.0
 26 157 1.0
 26 159 1.0
 26 160 1.0
 26 164 1.0
 26 165 1.0
 26 166 1.0
 26 167 1.0
 26 168 1.0
 26 169 1.0
 26 170 1.0
 26 171 1.0
 26 172 1.0
 26 173 1.0
 26 174 1.0
 26 175 1.0
 26 176 1.0
 26 177 1.0
 26 182 1.0
 26 183 1.0
 26 184 1.0
 26 53 1.0
 26 52 1.0
 26 51 1.0
 26 50 1.0
 26 49 1.0
 26 48 1.0
 26 47 1.0
 26 46 1.0
 26 163 1.0
 26 162 1.0
 26 161 1.0
 27 28 1.0
 27 29 1.0
 27 30 1.0
 27 31 1.0
 27 32 1.0
 27 34 1.0
 27 35 1.0
 27 36 1.0
 27 37 1.0
 27 38 1.0
 27 39 1.0
 27 40 1.0
 27 41 1.0
 27 42 1.0
 27 43 1.0
 27 44 1.0
 27 45 1.0
 27 55 1.0
 27 56 1.0
 27 57 1.0
 27 58 1.0
 27 59 1.0
 27 60 1.0
 27 62 1.0
 27 68 1.0
 27 69 1.0
 27 71 1.0
 27 72 1.0
 27 73 1.0
 27 74 1.0
 27 75 1.0
 27 76 1.0
 27 77 1.0
 27 78 1.0
 27 79 1.0
 27 80 1.0
 27 81 1.0
 27 82 1.0
 27 83 1.0
 27 84 1.0
 27 85 1.0
 27 86 1.0
 27 87 1.0
 27 88 1.0
 27 89 1.0
 27 90 1.0
 27 91 1.0
 27 92 1.0
 27 93 1.0
 27 94 1.0
 27 95 1.0
 27 96 1.0
 27 97 1.0
 27 98 1.0
 27 99 1.0
 27 109 1.0
 27 110 1.0
 27 113 1.0
 27 114 1.0
 27 115 1.0
 27 116 1.0
 27 119 1.0
 27 121 1.0
 27 122 1.0
 27 123 1.0
 27 124 1.0
 27 125 1.0
 27 127 1.0
 27 129 1.0
 27 131 1.0
 27 135 1.0
 27 139 1.0
 27 149 1.0
 27 157 1.0
 27 159 1.0
 27 160 1.0
 27 164 1.0
 27 165 1.0
 27 166 1.0
 27 167 1.0
 27 168 1.0
 27 169 1.0
 27 170 1.0
 27 171 1.0
 27 172 1.0
 27 173 1.0
 27 174 1.0
 27 175 1.0
 27 176 1.0
 27 177 1.0
 27 182 1.0
 27 183 1.0
 27 184 1.0
 28 29 1.0
 28 30 1.0
 28 31 1.0
 28 32 1.0
 28 34 1.0
 28 35 1.0
 28 36 1.0
 28 37 1.0
 28 38 1.0
 28 39 1.0
 28 40 1.0
 28 41 1.0
 28 42 1.0
 28 43 1.0
 28 44 1.0
 28 45 1.0
 28 55 1.0
 28 56 1.0
 28 57 1.0
 28 58 1.0
 28 59 1.0
 28 60 1.0
 28 62 1.0
 28 68 1.0
 28 69 1.0
 28 71 1.0
 28 72 1.0
 28 73 1.0
 28 74 1.0
 28 75 1.0
 28 76 1.0
 28 77 1.0
 28 78 1.0
 28 79 1.0
 28 80 1.0
 28 81 1.0
 28 82 1.0
 28 83 1.0
 28 84 1.0
 28 85 1.0
 28 86 1.0
 28 87 1.0
 28 88 1.0
 28 89 1.0
 28 90 1.0
 28 91 1.0
 28 92 1.0
 28 93 1.0
 28 94 1.0
 28 95 1.0
 28 96 1.0
 28 97 1.0
 28 98 1.0
 28 99 1.0
 28 109 1.0
 28 110 1.0
 28 113 1.0
 28 114 1.0
 28 115 1.0
 28 116 1.0
 28 119 1.0
 28 121 1.0
 28 122 1.0
 28 123 1.0
 28 124 1.0
 28 125 1.0
 28 127 1.0
 28 129 1.0
 28 131 1.0
 28 135 1.0
 28 139 1.0
 28 149 1.0
 28 157 1.0
 28 159 1.0
 28 160 1.0
 28 164 1.0
 28 165 1.0
 28 166 1.0
 28 167 1.0
 28 168 1.0
 28 169 1.0
 28 170 1.0
 28 171 1.0
 28 172 1.0
 28 173 1.0
 28 174 1.0
 28 175 1.0
 28 176 1.0
 28 177 1.0
 28 182 1.0
 28 183 1.0
 28 184 1.0
 29 30 1.0
 29 31 1.0
 29 32 1.0
 29 34 1.0
 29 35 1.0
 29 36 1.0
 29 37 1.0
 29 38 1.0
 29 39 1.0
 29 40 1.0
 29 41 1.0
 29 42 1.0
 29 43 1.0
 29 44 1.0
 29 45 1.0
 29 55 1.0
 29 56 1.0
 29 57 1.0
 29 58 1.0
 29 59 1.0
 29 60 1.0
 29 62 1.0
 29 68 1.0
 29 69 1.0
 29 71 1.0
 29 72 1.0
 29 73 1.0
 29 74 1.0
 29 75 1.0
 29 76 1.0
 29 77 1.0
 29 78 1.0
 29 79 1.0
 29 80 1.0
 29 81 1.0
 29 82 1.0
 29 83 1.0
 29 84 1.0
 29 85 1.0
 29 86 1.0
 29 87 1.0
 29 88 1.0
 29 89 1.0
 29 90 1.0
 29 91 1.0
 29 92 1.0
 29 93 1.0
 29 94 1.0
 29 95 1.0
 29 96 1.0
 29 97 1.0
 29 98 1.0
 29 99 1.0
 29 109 1.0
 29 110 1.0
 29 113 1.0
 29 114 1.0
 29 115 1.0
 29 116 1.0
 29 119 1.0
 29 121 1.0
 29 122 1.0
 29 123 1.0
 29 124 1.0
 29 125 1.0
 29 127 1.0
 29 129 1.0
 29 131 1.0
 29 135 1.0
 29 139 1.0
 29 149 1.0
 29 157 1.0
 29 159 1.0
 29 160 1.0
 29 164 1.0
 29 165 1.0
 29 166 1.0
 29 167 1.0
 29 168 1.0
 29 169 1.0
 29 170 1.0
 29 171 1.0
 29 172 1.0
 29 173 1.0
 29 174 1.0
 29 175 1.0
 29 176 1.0
 29 177 1.0
 29 182 1.0
 29 183 1.0
 29 184 1.0
 30 31 1.0
 30 32 1.0
 30 34 1.0
 30 35 1.0
 30 36 1.0
 30 37 1.0
 30 38 1.0
 30 39 1.0
 30 40 1.0
 30 41 1.0
 30 42 1.0
 30 43 1.0
 30 44 1.0
 30 45 1.0
 30 55 1.0
 30 56 1.0
 30 57 1.0
 30 58 1.0
 30 59 1.0
 30 60 1.0
 30 62 1.0
 30 68 1.0
 30 69 1.0
 30 71 1.0
 30 72 1.0
 30 73 1.0
 30 74 1.0
 30 75 1.0
 30 76 1.0
 30 77 1.0
 30 78 1.0
 30 79 1.0
 30 80 1.0
 30 81 1.0
 30 82 1.0
 30 83 1.0
 30 84 1.0
 30 85 1.0
 30 86 1.0
 30 87 1.0
 30 88 1.0
 30 89 1.0
 30 90 1.0
 30 91 1.0
 30 92 1.0
 30 93 1.0
 30 94 1.0
 30 95 1.0
 30 96 1.0
 30 97 1.0
 30 98 1.0
 30 99 1.0
 30 109 1.0
 30 110 1.0
 30 113 1.0
 30 114 1.0
 30 115 1.0
 30 116 1.0
 30 119 1.0
 30 121 1.0
 30 122 1.0
 30 123 1.0
 30 124 1.0
 30 125 1.0
 30 127 1.0
 30 129 1.0
 30 131 1.0
 30 135 1.0
 30 139 1.0
 30 149 1.0
 30 157 1.0
 30 159 1.0
 30 160 1.0
 30 164 1.0
 30 165 1.0
 30 166 1.0
 30 167 1.0
 30 168 1.0
 30 169 1.0
 30 170 1.0
 30 171 1.0
 30 172 1.0
 30 173 1.0
 30 174 1.0
 30 175 1.0
 30 176 1.0
 30 177 1.0
 30 182 1.0
 30 183 1.0
 30 184 1.0
 31 32 1.0
 31 34 1.0
 31 35 1.0
 31 36 1.0
 31 37 1.0
 31 38 1.0
 31 39 1.0
 31 40 1.0
 31 41 1.0
 31 42 1.0
 31 43 1.0
 31 44 1.0
 31 45 1.0
 31 55 1.0
 31 56 1.0
 31 57 1.0
 31 58 1.0
 31 59 1.0
 31 60 1.0
 31 62 1.0
 31 68 1.0
 31 69 1.0
 31 71 1.0
 31 72 1.0
 31 73 1.0
 31 74 1.0
 31 75 1.0
 31 76 1.0
 31 77 1.0
 31 78 1.0
 31 79 1.0
 31 80 1.0
 31 81 1.0
 31 82 1.0
 31 83 1.0
 31 84 1.0
 31 85 1.0
 31 86 1.0
 31 87 1.0
 31 88 1.0
 31 89 1.0
 31 90 1.0
 31 91 1.0
 31 92 1.0
 31 93 1.0
 31 94 1.0
 31 95 1.0
 31 96 1.0
 31 97 1.0
 31 98 1.0
 31 99 1.0
 31 109 1.0
 31 110 1.0
 31 113 1.0
 31 114 1.0
 31 115 1.0
 31 116 1.0
 31 119 1.0
 31 121 1.0
 31 122 1.0
 31 123 1.0
 31 124 1.0
 31 125 1.0
 31 127 1.0
 31 129 1.0
 31 131 1.0
 31 135 1.0
 31 139 1.0
 31 149 1.0
 31 157 1.0
 31 159 1.0
 31 160 1.0
 31 164 1.0
 31 165 1.0
 31 166 1.0
 31 167 1.0
 31 168 1.0
 31 169 1.0
 31 170 1.0
 31 171 1.0
 31 172 1.0
 31 173 1.0
 31 174 1.0
 31 175 1.0
 31 176 1.0
 31 177 1.0
 31 182 1.0
 31 183 1.0
 31 184 1.0
 32 34 1.0
 32 35 1.0
 32 36 1.0
 32 37 1.0
 32 38 1.0
 32 39 1.0
 32 40 1.0
 32 41 1.0
 32 42 1.0
 32 43 1.0
 32 44 1.0
 32 45 1.0
 32 55 1.0
 32 56 1.0
 32 57 1.0
 32 58 1.0
 32 59 1.0
 32 60 1.0
 32 62 1.0
 32 68 1.0
 32 69 1.0
 32 71 1.0
 32 72 1.0
 32 73 1.0
 32 74 1.0
 32 75 1.0
 32 76 1.0
 32 77 1.0
 32 78 1.0
 32 79 1.0
 32 80 1.0
 32 81 1.0
 32 82 1.0
 32 83 1.0
 32 84 1.0
 32 85 1.0
 32 86 1.0
 32 87 1.0
 32 88 1.0
 32 89 1.0
 32 90 1.0
 32 91 1.0
 32 92 1.0
 32 93 1.0
 32 94 1.0
 32 95 1.0
 32 96 1.0
 32 97 1.0
 32 98 1.0
 32 99 1.0
 32 109 1.0
 32 110 1.0
 32 113 1.0
 32 114 1.0
 32 115 1.0
 32 116 1.0
 32 119 1.0
 32 121 1.0
 32 122 1.0
 32 123 1.0
 32 124 1.0
 32 125 1.0
 32 127 1.0
 32 129 1.0
 32 131 1.0
 32 135 1.0
 32 139 1.0
 32 149 1.0
 32 157 1.0
 32 159 1.0
 32 160 1.0
 32 164 1.0
 32 165 1.0
 32 166 1.0
 32 167 1.0
 32 168 1.0
 32 169 1.0
 32 170 1.0
 32 171 1.0
 32 172 1.0
 32 173 1.0
 32 174 1.0
 32 175 1.0
 32 176 1.0
 32 177 1.0
 32 182 1.0
 32 183 1.0
 32 184 1.0
 33 107 1.0
 33 70 1.0
 33 67 1.0
 33 66 1.0
 33 65 1.0
 33 63 1.0
 33 61 1.0
 33 54 1.0
 33 53 1.0
 33 52 1.0
 33 51 1.0
 33 50 1.0
 33 49 1.0
 33 111 1.0
 34 96 1.0
 34 95 1.0
 34 93 1.0
 34 92 1.0
 34 90 1.0
 34 89 1.0
 34 86 1.0
 34 85 1.0
 34 83 1.0
 34 71 1.0
 34 60 1.0
 34 139 1.0
 34 135 1.0
 34 131 1.0
 34 129 1.0
 34 127 1.0
 35 96 1.0
 35 95 1.0
 35 93 1.0
 35 92 1.0
 35 90 1.0
 35 89 1.0
 35 86 1.0
 35 85 1.0
 35 83 1.0
 35 71 1.0
 35 60 1.0
 35 157 1.0
 36 96 1.0
 36 95 1.0
 36 93 1.0
 36 92 1.0
 36 90 1.0
 36 89 1.0
 36 86 1.0
 36 85 1.0
 36 83 1.0
 36 71 1.0
 36 60 1.0
 36 149 1.0
 37 177 1.0
 37 176 1.0
 37 182 1.0
 49 67 1.0
 49 66 1.0
 49 65 1.0
 49 64 1.0
 49 63 1.0
 49 61 1.0
 49 54 1.0
 49 53 1.0
 49 52 1.0
 49 51 1.0
 49 50 1.0
 49 180 1.0
 49 179 1.0
 49 163 1.0
 49 162 1.0
 49 161 1.0
 49 70 1.0
 49 107 1.0
 49 106 1.0
 49 105 1.0
 49 104 1.0
 49 103 1.0
 49 102 1.0
 49 101 1.0
 49 100 1.0
 49 155 1.0
 49 154 1.0
 49 153 1.0
 49 152 1.0
 49 151 1.0
 49 112 1.0
 49 111 1.0
 49 147 1.0
 49 146 1.0
 49 145 1.0
 49 144 1.0
 49 143 1.0
 49 142 1.0
 49 141 1.0
 49 120 1.0
 49 118 1.0
 49 117 1.0
 49 137 1.0
 49 136 1.0
 49 134 1.0
 49 133 1.0
 49 132 1.0
 49 130 1.0
 49 128 1.0
 50 67 1.0
 50 66 1.0
 50 65 1.0
 50 64 1.0
 50 63 1.0
 50 61 1.0
 50 54 1.0
 50 53 1.0
 50 52 1.0
 50 51 1.0
 50 180 1.0
 50 179 1.0
 50 163 1.0
 50 162 1.0
 50 161 1.0
 50 70 1.0
 50 107 1.0
 50 106 1.0
 50 105 1.0
 50 104 1.0
 50 103 1.0
 50 102 1.0
 50 101 1.0
 50 100 1.0
 50 155 1.0
 50 154 1.0
 50 153 1.0
 50 152 1.0
 50 151 1.0
 50 112 1.0
 50 111 1.0
 50 147 1.0
 50 146 1.0
 50 145 1.0
 50 144 1.0
 50 143 1.0
 50 142 1.0
 50 141 1.0
 50 120 1.0
 50 118 1.0
 50 117 1.0
 50 137 1.0
 50 136 1.0
 50 134 1.0
 50 133 1.0
 50 132 1.0
 50 130 1.0
 50 128 1.0
 51 67 1.0
 51 66 1.0
 51 65 1.0
 51 64 1.0
 51 63 1.0
 51 61 1.0
 51 54 1.0
 51 53 1.0
 51 52 1.0
 51 180 1.0
 51 179 1.0
 51 163 1.0
 51 162 1.0
 51 161 1.0
 51 70 1.0
 51 107 1.0
 51 106 1.0
 51 105 1.0
 51 104 1.0
 51 103 1.0
 51 102 1.0
 51 101 1.0
 51 100 1.0
 51 155 1.0
 51 154 1.0
 51 153 1.0
 51 152 1.0
 51 151 1.0
 51 112 1.0
 51 111 1.0
 51 147 1.0
 51 146 1.0
 51 145 1.0
 51 144 1.0
 51 143 1.0
 51 142 1.0
 51 141 1.0
 51 120 1.0
 51 118 1.0
 51 117 1.0
 51 137 1.0
 51 136 1.0
 51 134 1.0
 51 133 1.0
 51 132 1.0
 51 130 1.0
 51 128 1.0
 52 67 1.0
 52 66 1.0
 52 65 1.0
 52 64 1.0
 52 63 1.0
 52 61 1.0
 52 54 1.0
 52 53 1.0
 52 180 1.0
 52 179 1.0
 52 163 1.0
 52 162 1.0
 52 161 1.0
 52 70 1.0
 52 107 1.0
 52 106 1.0
 52 105 1.0
 52 104 1.0
 52 103 1.0
 52 102 1.0
 52 101 1.0
 52 100 1.0
 52 155 1.0
 52 154 1.0
 52 153 1.0
 52 152 1.0
 52 151 1.0
 52 112 1.0
 52 111 1.0
 52 147 1.0
 52 146 1.0
 52 145 1.0
 52 144 1.0
 52 143 1.0
 52 142 1.0
 52 141 1.0
 52 120 1.0
 52 118 1.0
 52 117 1.0
 52 137 1.0
 52 136 1.0
 52 134 1.0
 52 133 1.0
 52 132 1.0
 52 130 1.0
 52 128 1.0
 53 67 1.0
 53 66 1.0
 53 65 1.0
 53 64 1.0
 53 63 1.0
 53 61 1.0
 53 54 1.0
 53 180 1.0
 53 179 1.0
 53 163 1.0
 53 162 1.0
 53 161 1.0
 53 70 1.0
 53 107 1.0
 53 106 1.0
 53 105 1.0
 53 104 1.0
 53 103 1.0
 53 102 1.0
 53 101 1.0
 53 100 1.0
 53 155 1.0
 53 154 1.0
 53 153 1.0
 53 152 1.0
 53 151 1.0
 53 112 1.0
 53 111 1.0
 53 147 1.0
 53 146 1.0
 53 145 1.0
 53 144 1.0
 53 143 1.0
 53 142 1.0
 53 141 1.0
 53 120 1.0
 53 118 1.0
 53 117 1.0
 53 137 1.0
 53 136 1.0
 53 134 1.0
 53 133 1.0
 53 132 1.0
 53 130 1.0
 53 128 1.0
 54 67 1.0
 54 66 1.0
 54 65 1.0
 54 64 1.0
 54 63 1.0
 54 61 1.0
 54 180 1.0
 54 179 1.0
 54 163 1.0
 54 162 1.0
 54 161 1.0
 54 70 1.0
 54 107 1.0
 54 106 1.0
 54 105 1.0
 54 104 1.0
 54 103 1.0
 54 102 1.0
 54 101 1.0
 54 100 1.0
 54 155 1.0
 54 154 1.0
 54 153 1.0
 54 152 1.0
 54 151 1.0
 54 112 1.0
 54 111 1.0
 54 147 1.0
 54 146 1.0
 54 145 1.0
 54 144 1.0
 54 143 1.0
 54 142 1.0
 54 141 1.0
 54 120 1.0
 54 118 1.0
 54 117 1.0
 54 137 1.0
 54 136 1.0
 54 134 1.0
 54 133 1.0
 54 132 1.0
 54 130 1.0
 54 128 1.0
 60 68 1.0
 60 62 1.0
 60 97 1.0
 60 96 1.0
 60 95 1.0
 60 94 1.0
 60 93 1.0
 60 92 1.0
 60 91 1.0
 60 90 1.0
 60 89 1.0
 60 88 1.0
 60 87 1.0
 60 86 1.0
 60 85 1.0
 60 84 1.0
 60 83 1.0
 60 82 1.0
 60 81 1.0
 60 80 1.0
 60 79 1.0
 60 78 1.0
 60 77 1.0
 60 76 1.0
 60 75 1.0
 60 74 1.0
 60 73 1.0
 60 72 1.0
 60 71 1.0
 60 69 1.0
 60 99 1.0
 60 98 1.0
 60 157 1.0
 60 110 1.0
 60 109 1.0
 60 149 1.0
 60 119 1.0
 60 116 1.0
 60 115 1.0
 60 114 1.0
 60 113 1.0
 60 139 1.0
 60 135 1.0
 60 131 1.0
 60 129 1.0
 60 127 1.0
 60 124 1.0
 60 123 1.0
 60 122 1.0
 60 121 1.0
 61 67 1.0
 61 66 1.0
 61 65 1.0
 61 64 1.0
 61 63 1.0
 61 70 1.0
 61 107 1.0
 61 106 1.0
 61 105 1.0
 61 104 1.0
 61 103 1.0
 61 102 1.0
 61 101 1.0
 61 100 1.0
 61 155 1.0
 61 154 1.0
 61 153 1.0
 61 152 1.0
 61 151 1.0
 61 112 1.0
 61 111 1.0
 61 147 1.0
 61 146 1.0
 61 145 1.0
 61 144 1.0
 61 143 1.0
 61 142 1.0
 61 141 1.0
 61 120 1.0
 61 118 1.0
 61 117 1.0
 61 137 1.0
 61 136 1.0
 61 134 1.0
 61 133 1.0
 61 132 1.0
 61 130 1.0
 61 128 1.0
 63 67 1.0
 63 66 1.0
 63 65 1.0
 63 64 1.0
 63 70 1.0
 63 107 1.0
 63 106 1.0
 63 105 1.0
 63 104 1.0
 63 103 1.0
 63 102 1.0
 63 101 1.0
 63 100 1.0
 63 155 1.0
 63 154 1.0
 63 153 1.0
 63 152 1.0
 63 151 1.0
 63 112 1.0
 63 111 1.0
 63 147 1.0
 63 146 1.0
 63 145 1.0
 63 144 1.0
 63 143 1.0
 63 142 1.0
 63 141 1.0
 63 120 1.0
 63 118 1.0
 63 117 1.0
 63 137 1.0
 63 136 1.0
 63 134 1.0
 63 133 1.0
 63 132 1.0
 63 130 1.0
 63 128 1.0
 65 67 1.0
 65 66 1.0
 65 70 1.0
 65 107 1.0
 65 106 1.0
 65 105 1.0
 65 104 1.0
 65 103 1.0
 65 102 1.0
 65 101 1.0
 65 100 1.0
 65 155 1.0
 65 154 1.0
 65 153 1.0
 65 152 1.0
 65 151 1.0
 65 112 1.0
 65 111 1.0
 65 147 1.0
 65 146 1.0
 65 145 1.0
 65 144 1.0
 65 143 1.0
 65 142 1.0
 65 141 1.0
 65 120 1.0
 65 118 1.0
 65 117 1.0
 65 137 1.0
 65 136 1.0
 65 134 1.0
 65 133 1.0
 65 132 1.0
 65 130 1.0
 65 128 1.0
 66 67 1.0
 66 70 1.0
 66 107 1.0
 66 106 1.0
 66 105 1.0
 66 104 1.0
 66 103 1.0
 66 102 1.0
 66 101 1.0
 66 100 1.0
 66 155 1.0
 66 154 1.0
 66 153 1.0
 66 152 1.0
 66 151 1.0
 66 112 1.0
 66 111 1.0
 66 147 1.0
 66 146 1.0
 66 145 1.0
 66 144 1.0
 66 143 1.0
 66 142 1.0
 66 141 1.0
 66 120 1.0
 66 118 1.0
 66 117 1.0
 66 137 1.0
 66 136 1.0
 66 134 1.0
 66 133 1.0
 66 132 1.0
 66 130 1.0
 66 128 1.0
 67 70 1.0
 67 107 1.0
 67 106 1.0
 67 105 1.0
 67 104 1.0
 67 103 1.0
 67 102 1.0
 67 101 1.0
 67 100 1.0
 67 155 1.0
 67 154 1.0
 67 153 1.0
 67 152 1.0
 67 151 1.0
 67 112 1.0
 67 111 1.0
 67 147 1.0
 67 146 1.0
 67 145 1.0
 67 144 1.0
 67 143 1.0
 67 142 1.0
 67 141 1.0
 67 120 1.0
 67 118 1.0
 67 117 1.0
 67 137 1.0
 67 136 1.0
 67 134 1.0
 67 133 1.0
 67 132 1.0
 67 130 1.0
 67 128 1.0
 69 74 1.0
 69 73 1.0
 69 72 1.0
 69 71 1.0
 70 107 1.0
 70 106 1.0
 70 105 1.0
 70 104 1.0
 70 103 1.0
 70 102 1.0
 70 101 1.0
 70 100 1.0
 70 155 1.0
 70 154 1.0
 70 153 1.0
 70 152 1.0
 70 151 1.0
 70 112 1.0
 70 111 1.0
 70 147 1.0
 70 146 1.0
 70 145 1.0
 70 144 1.0
 70 143 1.0
 70 142 1.0
 70 141 1.0
 70 120 1.0
 70 118 1.0
 70 117 1.0
 70 137 1.0
 70 136 1.0
 70 134 1.0
 70 133 1.0
 70 132 1.0
 70 130 1.0
 70 128 1.0
 71 97 1.0
 71 96 1.0
 71 95 1.0
 71 94 1.0
 71 93 1.0
 71 92 1.0
 71 91 1.0
 71 90 1.0
 71 89 1.0
 71 88 1.0
 71 87 1.0
 71 86 1.0
 71 85 1.0
 71 84 1.0
 71 83 1.0
 71 82 1.0
 71 81 1.0
 71 80 1.0
 71 79 1.0
 71 78 1.0
 71 77 1.0
 71 76 1.0
 71 75 1.0
 71 74 1.0
 71 73 1.0
 71 72 1.0
 71 99 1.0
 71 98 1.0
 71 157 1.0
 71 110 1.0
 71 109 1.0
 71 149 1.0
 71 119 1.0
 71 116 1.0
 71 115 1.0
 71 114 1.0
 71 113 1.0
 71 139 1.0
 71 135 1.0
 71 131 1.0
 71 129 1.0
 71 127 1.0
 71 124 1.0
 71 123 1.0
 71 122 1.0
 71 121 1.0
 73 74 1.0
 77 81 1.0
 77 80 1.0
 77 79 1.0
 77 78 1.0
 78 83 1.0
 78 82 1.0
 78 81 1.0
 78 80 1.0
 78 79 1.0
 79 84 1.0
 79 83 1.0
 79 82 1.0
 79 81 1.0
 79 80 1.0
 80 85 1.0
 80 84 1.0
 80 83 1.0
 80 82 1.0
 80 81 1.0
 81 87 1.0
 81 86 1.0
 81 85 1.0
 81 84 1.0
 81 83 1.0
 81 82 1.0
 82 89 1.0
 82 88 1.0
 82 87 1.0
 82 86 1.0
 82 85 1.0
 82 84 1.0
 82 83 1.0
 83 97 1.0
 83 96 1.0
 83 95 1.0
 83 94 1.0
 83 93 1.0
 83 92 1.0
 83 91 1.0
 83 90 1.0
 83 89 1.0
 83 88 1.0
 83 87 1.0
 83 86 1.0
 83 85 1.0
 83 84 1.0
 83 99 1.0
 83 98 1.0
 83 157 1.0
 83 110 1.0
 83 109 1.0
 83 149 1.0
 83 119 1.0
 83 116 1.0
 83 115 1.0
 83 114 1.0
 83 113 1.0
 83 139 1.0
 83 135 1.0
 83 131 1.0
 83 129 1.0
 83 127 1.0
 83 124 1.0
 83 123 1.0
 83 122 1.0
 83 121 1.0
 84 86 1.0
 84 85 1.0
 85 97 1.0
 85 96 1.0
 85 95 1.0
 85 94 1.0
 85 93 1.0
 85 92 1.0
 85 91 1.0
 85 90 1.0
 85 89 1.0
 85 88 1.0
 85 87 1.0
 85 86 1.0
 85 99 1.0
 85 98 1.0
 85 157 1.0
 85 110 1.0
 85 109 1.0
 85 149 1.0
 85 119 1.0
 85 116 1.0
 85 115 1.0
 85 114 1.0
 85 113 1.0
 85 139 1.0
 85 135 1.0
 85 131 1.0
 85 129 1.0
 85 127 1.0
 85 124 1.0
 85 123 1.0
 85 122 1.0
 85 121 1.0
 86 97 1.0
 86 96 1.0
 86 95 1.0
 86 94 1.0
 86 93 1.0
 86 92 1.0
 86 91 1.0
 86 90 1.0
 86 89 1.0
 86 88 1.0
 86 87 1.0
 86 99 1.0
 86 98 1.0
 86 157 1.0
 86 110 1.0
 86 109 1.0
 86 149 1.0
 86 119 1.0
 86 116 1.0
 86 115 1.0
 86 114 1.0
 86 113 1.0
 86 139 1.0
 86 135 1.0
 86 131 1.0
 86 129 1.0
 86 127 1.0
 86 124 1.0
 86 123 1.0
 86 122 1.0
 86 121 1.0
 87 92 1.0
 87 91 1.0
 87 90 1.0
 87 89 1.0
 87 88 1.0
 88 95 1.0
 88 94 1.0
 88 93 1.0
 88 92 1.0
 88 91 1.0
 88 90 1.0
 88 89 1.0
 89 97 1.0
 89 96 1.0
 89 95 1.0
 89 94 1.0
 89 93 1.0
 89 92 1.0
 89 91 1.0
 89 90 1.0
 89 99 1.0
 89 98 1.0
 89 157 1.0
 89 110 1.0
 89 109 1.0
 89 149 1.0
 89 119 1.0
 89 116 1.0
 89 115 1.0
 89 114 1.0
 89 113 1.0
 89 139 1.0
 89 135 1.0
 89 131 1.0
 89 129 1.0
 89 127 1.0
 89 124 1.0
 89 123 1.0
 89 122 1.0
 89 121 1.0
 90 97 1.0
 90 96 1.0
 90 95 1.0
 90 94 1.0
 90 93 1.0
 90 92 1.0
 90 91 1.0
 90 99 1.0
 90 98 1.0
 90 157 1.0
 90 110 1.0
 90 109 1.0
 90 149 1.0
 90 119 1.0
 90 116 1.0
 90 115 1.0
 90 114 1.0
 90 113 1.0
 90 139 1.0
 90 135 1.0
 90 131 1.0
 90 129 1.0
 90 127 1.0
 90 124 1.0
 90 123 1.0
 90 122 1.0
 90 121 1.0
 92 97 1.0
 92 96 1.0
 92 95 1.0
 92 94 1.0
 92 93 1.0
 92 99 1.0
 92 98 1.0
 92 157 1.0
 92 110 1.0
 92 109 1.0
 92 149 1.0
 92 119 1.0
 92 116 1.0
 92 115 1.0
 92 114 1.0
 92 113 1.0
 92 139 1.0
 92 135 1.0
 92 131 1.0
 92 129 1.0
 92 127 1.0
 92 124 1.0
 92 123 1.0
 92 122 1.0
 92 121 1.0
 93 97 1.0
 93 96 1.0
 93 95 1.0
 93 94 1.0
 93 99 1.0
 93 98 1.0
 93 157 1.0
 93 110 1.0
 93 109 1.0
 93 149 1.0
 93 119 1.0
 93 116 1.0
 93 115 1.0
 93 114 1.0
 93 113 1.0
 93 139 1.0
 93 135 1.0
 93 131 1.0
 93 129 1.0
 93 127 1.0
 93 124 1.0
 93 123 1.0
 93 122 1.0
 93 121 1.0
 95 97 1.0
 95 96 1.0
 95 99 1.0
 95 98 1.0
 95 157 1.0
 95 110 1.0
 95 109 1.0
 95 149 1.0
 95 119 1.0
 95 116 1.0
 95 115 1.0
 95 114 1.0
 95 113 1.0
 95 139 1.0
 95 135 1.0
 95 131 1.0
 95 129 1.0
 95 127 1.0
 95 124 1.0
 95 123 1.0
 95 122 1.0
 95 121 1.0
 96 97 1.0
 96 99 1.0
 96 98 1.0
 96 157 1.0
 96 110 1.0
 96 109 1.0
 96 149 1.0
 96 119 1.0
 96 116 1.0
 96 115 1.0
 96 114 1.0
 96 113 1.0
 96 139 1.0
 96 135 1.0
 96 131 1.0
 96 129 1.0
 96 127 1.0
 96 124 1.0
 96 123 1.0
 96 122 1.0
 96 121 1.0
 98 99 1.0
 107 155 1.0
 107 154 1.0
 107 153 1.0
 107 152 1.0
 107 151 1.0
 109 110 1.0
 113 116 1.0
 113 115 1.0
 113 114 1.0
 114 119 1.0
 114 116 1.0
 114 115 1.0
 115 116 1.0
 116 119 1.0
 117 118 1.0
 122 123 1.0
 127 135 1.0
 127 131 1.0
 127 129 1.0
 128 133 1.0
 128 132 1.0
 128 130 1.0
 130 132 1.0
 134 136 1.0
 141 144 1.0
 141 143 1.0
 141 142 1.0
 142 143 1.0
 145 146 1.0
 159 160 1.0
 161 163 1.0
 161 162 1.0
 162 163 1.0
 164 165 1.0
 166 173 1.0
 166 172 1.0
 166 171 1.0
 166 170 1.0
 166 169 1.0
 166 168 1.0
 166 167 1.0
 167 173 1.0
 167 172 1.0
 167 171 1.0
 167 170 1.0
 167 169 1.0
 167 168 1.0
 168 173 1.0
 168 172 1.0
 168 171 1.0
 168 170 1.0
 168 169 1.0
 169 173 1.0
 169 172 1.0
 169 171 1.0
 169 170 1.0
 170 173 1.0
 170 172 1.0
 170 171 1.0
 171 173 1.0
 171 172 1.0
 172 173 1.0
 174 175 1.0
 175 176 1.0
 176 177 1.0
 176 182 1.0
 177 182 1.0
 1.0