1 2 1.0
1 3 1.0
1 4 1.0
1 5 1.0
1 6 1.0
1 7 1.0
1 8 1.0
1 9 1.0
1 10 1.0
1 11 1.0
1 12 1.0
1 13 1.0
1 14 1.0
1 15 1.0
1 16 1.0
1 34 1.0
1 47 1.0
1 48 1.0
1 49 1.0
1 50 1.0
1 51 1.0
1 52 1.0
1 53 1.0
1 54 1.0
1 55 1.0
1 65 1.0
1 67 1.0
1 68 1.0
1 71 1.0
1 74 1.0
1 75 1.0
1 80 1.0
1 121 1.0
1 125 1.0
1 126 1.0
1 127 1.0
1 128 1.0
1 129 1.0
1 130 1.0
1 131 1.0
1 135 1.0
1 136 1.0
1 137 1.0
1 138 1.0
1 139 1.0
1 145 1.0
1 147 1.0
1 149 1.0
1 150 1.0
1 151 1.0
1 153 1.0
1 154 1.0
1 160 1.0
1 161 1.0
1 162 1.0
1 163 1.0
1 164 1.0
1 165 1.0
1 166 1.0
1 173 1.0
1 174 1.0
1 176 1.0
1 177 1.0
1 178 1.0
1 191 1.0
1 192 1.0
1 77 1.0
1 73 1.0
1 64 1.0
1 63 1.0
1 62 1.0
1 60 1.0
1 59 1.0
1 57 1.0
1 56 1.0
1 46 1.0
1 45 1.0
1 44 1.0
1 43 1.0
1 42 1.0
1 41 1.0
1 40 1.0
1 39 1.0
1 197 1.0
1 38 1.0
1 189 1.0
1 187 1.0
1 184 1.0
1 195 1.0
1 33 1.0
1 120 1.0
1 118 1.0
1 117 1.0
1 114 1.0
1 112 1.0
1 111 1.0
1 109 1.0
1 108 1.0
1 107 1.0
1 104 1.0
1 102 1.0
1 99 1.0
1 96 1.0
1 93 1.0
1 91 1.0
1 90 1.0
1 88 1.0
1 87 1.0
1 85 1.0
1 83 1.0
1 36 1.0
1 181 1.0
1 37 1.0
1 169 1.0
1 35 1.0
1 157 1.0
1 152 1.0
1 148 1.0
1 146 1.0
1 144 1.0
1 142 1.0
2 3 1.0
2 4 1.0
2 5 1.0
2 6 1.0
2 7 1.0
2 8 1.0
2 9 1.0
2 10 1.0
2 11 1.0
2 12 1.0
2 13 1.0
2 14 1.0
2 15 1.0
2 16 1.0
2 34 1.0
2 47 1.0
2 48 1.0
2 49 1.0
2 50 1.0
2 51 1.0
2 52 1.0
2 53 1.0
2 54 1.0
2 55 1.0
2 65 1.0
2 67 1.0
2 68 1.0
2 71 1.0
2 74 1.0
2 75 1.0
2 80 1.0
2 121 1.0
2 125 1.0
2 126 1.0
2 127 1.0
2 128 1.0
2 129 1.0
2 130 1.0
2 131 1.0
2 135 1.0
2 136 1.0
2 137 1.0
2 138 1.0
2 139 1.0
2 145 1.0
2 147 1.0
2 149 1.0
2 150 1.0
2 151 1.0
2 153 1.0
2 154 1.0
2 160 1.0
2 161 1.0
2 162 1.0
2 163 1.0
2 164 1.0
2 165 1.0
2 166 1.0
2 173 1.0
2 174 1.0
2 176 1.0
2 177 1.0
2 178 1.0
2 191 1.0
2 192 1.0
2 77 1.0
2 73 1.0
2 64 1.0
2 63 1.0
2 62 1.0
2 60 1.0
2 59 1.0
2 57 1.0
2 56 1.0
2 46 1.0
2 45 1.0
2 44 1.0
2 43 1.0
2 42 1.0
2 41 1.0
2 40 1.0
2 39 1.0
2 197 1.0
2 38 1.0
2 189 1.0
2 187 1.0
2 184 1.0
2 195 1.0
2 33 1.0
2 120 1.0
2 118 1.0
2 117 1.0
2 114 1.0
2 112 1.0
2 111 1.0
2 109 1.0
2 108 1.0
2 107 1.0
2 104 1.0
2 102 1.0
2 99 1.0
2 96 1.0
2 93 1.0
2 91 1.0
2 90 1.0
2 88 1.0
2 87 1.0
2 85 1.0
2 83 1.0
2 36 1.0
2 181 1.0
2 37 1.0
2 169 1.0
2 35 1.0
2 157 1.0
2 152 1.0
2 148 1.0
2 146 1.0
2 144 1.0
2 142 1.0
3 4 1.0
3 5 1.0
3 6 1.0
3 7 1.0
3 8 1.0
3 9 1.0
3 10 1.0
3 11 1.0
3 12 1.0
3 13 1.0
3 14 1.0
3 15 1.0
3 16 1.0
3 34 1.0
3 47 1.0
3 48 1.0
3 49 1.0
3 50 1.0
3 51 1.0
3 52 1.0
3 53 1.0
3 54 1.0
3 55 1.0
3 65 1.0
3 67 1.0
3 68 1.0
3 71 1.0
3 74 1.0
3 75 1.0
3 80 1.0
3 121 1.0
3 125 1.0
3 126 1.0
3 127 1.0
3 128 1.0
3 129 1.0
3 130 1.0
3 131 1.0
3 135 1.0
3 136 1.0
3 137 1.0
3 138 1.0
3 139 1.0
3 145 1.0
3 147 1.0
3 149 1.0
3 150 1.0
3 151 1.0
3 153 1.0
3 154 1.0
3 160 1.0
3 161 1.0
3 162 1.0
3 163 1.0
3 164 1.0
3 165 1.0
3 166 1.0
3 173 1.0
3 174 1.0
3 176 1.0
3 177 1.0
3 178 1.0
3 191 1.0
3 192 1.0
3 64 1.0
3 63 1.0
3 62 1.0
3 60 1.0
3 59 1.0
3 57 1.0
3 56 1.0
3 46 1.0
3 45 1.0
3 44 1.0
3 43 1.0
3 42 1.0
3 41 1.0
3 40 1.0
3 39 1.0
4 5 1.0
4 6 1.0
4 7 1.0
4 8 1.0
4 9 1.0
4 10 1.0
4 11 1.0
4 12 1.0
4 13 1.0
4 14 1.0
4 15 1.0
4 16 1.0
4 34 1.0
4 47 1.0
4 48 1.0
4 49 1.0
4 50 1.0
4 51 1.0
4 52 1.0
4 53 1.0
4 54 1.0
4 55 1.0
4 65 1.0
4 67 1.0
4 68 1.0
4 71 1.0
4 74 1.0
4 75 1.0
4 80 1.0
4 121 1.0
4 125 1.0
4 126 1.0
4 127 1.0
4 128 1.0
4 129 1.0
4 130 1.0
4 131 1.0
4 135 1.0
4 136 1.0
4 137 1.0
4 138 1.0
4 139 1.0
4 145 1.0
4 147 1.0
4 149 1.0
4 150 1.0
4 151 1.0
4 153 1.0
4 154 1.0
4 160 1.0
4 161 1.0
4 162 1.0
4 163 1.0
4 164 1.0
4 165 1.0
4 166 1.0
4 173 1.0
4 174 1.0
4 176 1.0
4 177 1.0
4 178 1.0
4 191 1.0
4 192 1.0
5 6 1.0
5 7 1.0
5 8 1.0
5 9 1.0
5 10 1.0
5 11 1.0
5 12 1.0
5 13 1.0
5 14 1.0
5 15 1.0
5 16 1.0
5 34 1.0
5 47 1.0
5 48 1.0
5 49 1.0
5 50 1.0
5 51 1.0
5 52 1.0
5 53 1.0
5 54 1.0
5 55 1.0
5 65 1.0
5 67 1.0
5 68 1.0
5 71 1.0
5 74 1.0
5 75 1.0
5 80 1.0
5 121 1.0
5 125 1.0
5 126 1.0
5 127 1.0
5 128 1.0
5 129 1.0
5 130 1.0
5 131 1.0
5 135 1.0
5 136 1.0
5 137 1.0
5 138 1.0
5 139 1.0
5 145 1.0
5 147 1.0
5 149 1.0
5 150 1.0
5 151 1.0
5 153 1.0
5 154 1.0
5 160 1.0
5 161 1.0
5 162 1.0
5 163 1.0
5 164 1.0
5 165 1.0
5 166 1.0
5 173 1.0
5 174 1.0
5 176 1.0
5 177 1.0
5 178 1.0
5 191 1.0
5 192 1.0
5 39 1.0
6 7 1.0
6 8 1.0
6 9 1.0
6 10 1.0
6 11 1.0
6 12 1.0
6 13 1.0
6 14 1.0
6 15 1.0
6 16 1.0
6 34 1.0
6 47 1.0
6 48 1.0
6 49 1.0
6 50 1.0
6 51 1.0
6 52 1.0
6 53 1.0
6 54 1.0
6 55 1.0
6 65 1.0
6 67 1.0
6 68 1.0
6 71 1.0
6 74 1.0
6 75 1.0
6 80 1.0
6 121 1.0
6 125 1.0
6 126 1.0
6 127 1.0
6 128 1.0
6 129 1.0
6 130 1.0
6 131 1.0
6 135 1.0
6 136 1.0
6 137 1.0
6 138 1.0
6 139 1.0
6 145 1.0
6 147 1.0
6 149 1.0
6 150 1.0
6 151 1.0
6 153 1.0
6 154 1.0
6 160 1.0
6 161 1.0
6 162 1.0
6 163 1.0
6 164 1.0
6 165 1.0
6 166 1.0
6 173 1.0
6 174 1.0
6 176 1.0
6 177 1.0
6 178 1.0
6 191 1.0
6 192 1.0
6 40 1.0
6 39 1.0
7 8 1.0
7 9 1.0
7 10 1.0
7 11 1.0
7 12 1.0
7 13 1.0
7 14 1.0
7 15 1.0
7 16 1.0
7 34 1.0
7 47 1.0
7 48 1.0
7 49 1.0
7 50 1.0
7 51 1.0
7 52 1.0
7 53 1.0
7 54 1.0
7 55 1.0
7 65 1.0
7 67 1.0
7 68 1.0
7 71 1.0
7 74 1.0
7 75 1.0
7 80 1.0
7 121 1.0
7 125 1.0
7 126 1.0
7 127 1.0
7 128 1.0
7 129 1.0
7 130 1.0
7 131 1.0
7 135 1.0
7 136 1.0
7 137 1.0
7 138 1.0
7 139 1.0
7 145 1.0
7 147 1.0
7 149 1.0
7 150 1.0
7 151 1.0
7 153 1.0
7 154 1.0
7 160 1.0
7 161 1.0
7 162 1.0
7 163 1.0
7 164 1.0
7 165 1.0
7 166 1.0
7 173 1.0
7 174 1.0
7 176 1.0
7 177 1.0
7 178 1.0
7 191 1.0
7 192 1.0
7 41 1.0
7 40 1.0
7 39 1.0
8 9 1.0
8 10 1.0
8 11 1.0
8 12 1.0
8 13 1.0
8 14 1.0
8 15 1.0
8 16 1.0
8 34 1.0
8 47 1.0
8 48 1.0
8 49 1.0
8 50 1.0
8 51 1.0
8 52 1.0
8 53 1.0
8 54 1.0
8 55 1.0
8 65 1.0
8 67 1.0
8 68 1.0
8 71 1.0
8 74 1.0
8 75 1.0
8 80 1.0
8 121 1.0
8 125 1.0
8 126 1.0
8 127 1.0
8 128 1.0
8 129 1.0
8 130 1.0
8 131 1.0
8 135 1.0
8 136 1.0
8 137 1.0
8 138 1.0
8 139 1.0
8 145 1.0
8 147 1.0
8 149 1.0
8 150 1.0
8 151 1.0
8 153 1.0
8 154 1.0
8 160 1.0
8 161 1.0
8 162 1.0
8 163 1.0
8 164 1.0
8 165 1.0
8 166 1.0
8 173 1.0
8 174 1.0
8 176 1.0
8 177 1.0
8 178 1.0
8 191 1.0
8 192 1.0
8 42 1.0
8 41 1.0
8 40 1.0
8 39 1.0
9 10 1.0
9 11 1.0
9 12 1.0
9 13 1.0
9 14 1.0
9 15 1.0
9 16 1.0
9 34 1.0
9 47 1.0
9 48 1.0
9 49 1.0
9 50 1.0
9 51 1.0
9 52 1.0
9 53 1.0
9 54 1.0
9 55 1.0
9 65 1.0
9 67 1.0
9 68 1.0
9 71 1.0
9 74 1.0
9 75 1.0
9 80 1.0
9 121 1.0
9 125 1.0
9 126 1.0
9 127 1.0
9 128 1.0
9 129 1.0
9 130 1.0
9 131 1.0
9 135 1.0
9 136 1.0
9 137 1.0
9 138 1.0
9 139 1.0
9 145 1.0
9 147 1.0
9 149 1.0
9 150 1.0
9 151 1.0
9 153 1.0
9 154 1.0
9 160 1.0
9 161 1.0
9 162 1.0
9 163 1.0
9 164 1.0
9 165 1.0
9 166 1.0
9 173 1.0
9 174 1.0
9 176 1.0
9 177 1.0
9 178 1.0
9 191 1.0
9 192 1.0
9 43 1.0
9 42 1.0
9 41 1.0
9 40 1.0
9 39 1.0
10 11 1.0
10 12 1.0
10 13 1.0
10 14 1.0
10 15 1.0
10 16 1.0
10 34 1.0
10 47 1.0
10 48 1.0
10 49 1.0
10 50 1.0
10 51 1.0
10 52 1.0
10 53 1.0
10 54 1.0
10 55 1.0
10 65 1.0
10 67 1.0
10 68 1.0
10 71 1.0
10 74 1.0
10 75 1.0
10 80 1.0
10 121 1.0
10 125 1.0
10 126 1.0
10 127 1.0
10 128 1.0
10 129 1.0
10 130 1.0
10 131 1.0
10 135 1.0
10 136 1.0
10 137 1.0
10 138 1.0
10 139 1.0
10 145 1.0
10 147 1.0
10 149 1.0
10 150 1.0
10 151 1.0
10 153 1.0
10 154 1.0
10 160 1.0
10 161 1.0
10 162 1.0
10 163 1.0
10 164 1.0
10 165 1.0
10 166 1.0
10 173 1.0
10 174 1.0
10 176 1.0
10 177 1.0
10 178 1.0
10 191 1.0
10 192 1.0
10 44 1.0
10 43 1.0
10 42 1.0
10 41 1.0
10 40 1.0
10 39 1.0
11 12 1.0
11 13 1.0
11 14 1.0
11 15 1.0
11 16 1.0
11 34 1.0
11 47 1.0
11 48 1.0
11 49 1.0
11 50 1.0
11 51 1.0
11 52 1.0
11 53 1.0
11 54 1.0
11 55 1.0
11 65 1.0
11 67 1.0
11 68 1.0
11 71 1.0
11 74 1.0
11 75 1.0
11 80 1.0
11 121 1.0
11 125 1.0
11 126 1.0
11 127 1.0
11 128 1.0
11 129 1.0
11 130 1.0
11 131 1.0
11 135 1.0
11 136 1.0
11 137 1.0
11 138 1.0
11 139 1.0
11 145 1.0
11 147 1.0
11 149 1.0
11 150 1.0
11 151 1.0
11 153 1.0
11 154 1.0
11 160 1.0
11 161 1.0
11 162 1.0
11 163 1.0
11 164 1.0
11 165 1.0
11 166 1.0
11 173 1.0
11 174 1.0
11 176 1.0
11 177 1.0
11 178 1.0
11 191 1.0
11 192 1.0
11 46 1.0
11 45 1.0
11 44 1.0
11 43 1.0
11 42 1.0
11 41 1.0
11 40 1.0
11 39 1.0
12 13 1.0
12 14 1.0
12 15 1.0
12 16 1.0
12 34 1.0
12 47 1.0
12 48 1.0
12 49 1.0
12 50 1.0
12 51 1.0
12 52 1.0
12 53 1.0
12 54 1.0
12 55 1.0
12 65 1.0
12 67 1.0
12 68 1.0
12 71 1.0
12 74 1.0
12 75 1.0
12 80 1.0
12 121 1.0
12 125 1.0
12 126 1.0
12 127 1.0
12 128 1.0
12 129 1.0
12 130 1.0
12 131 1.0
12 135 1.0
12 136 1.0
12 137 1.0
12 138 1.0
12 139 1.0
12 145 1.0
12 147 1.0
12 149 1.0
12 150 1.0
12 151 1.0
12 153 1.0
12 154 1.0
12 160 1.0
12 161 1.0
12 162 1.0
12 163 1.0
12 164 1.0
12 165 1.0
12 166 1.0
12 173 1.0
12 174 1.0
12 176 1.0
12 177 1.0
12 178 1.0
12 191 1.0
12 192 1.0
12 57 1.0
12 56 1.0
12 46 1.0
12 45 1.0
12 44 1.0
12 43 1.0
12 42 1.0
12 41 1.0
12 40 1.0
12 39 1.0
13 14 1.0
13 15 1.0
13 16 1.0
13 34 1.0
13 47 1.0
13 48 1.0
13 49 1.0
13 50 1.0
13 51 1.0
13 52 1.0
13 53 1.0
13 54 1.0
13 55 1.0
13 65 1.0
13 67 1.0
13 68 1.0
13 71 1.0
13 74 1.0
13 75 1.0
13 80 1.0
13 121 1.0
13 125 1.0
13 126 1.0
13 127 1.0
13 128 1.0
13 129 1.0
13 130 1.0
13 131 1.0
13 135 1.0
13 136 1.0
13 137 1.0
13 138 1.0
13 139 1.0
13 145 1.0
13 147 1.0
13 149 1.0
13 150 1.0
13 151 1.0
13 153 1.0
13 154 1.0
13 160 1.0
13 161 1.0
13 162 1.0
13 163 1.0
13 164 1.0
13 165 1.0
13 166 1.0
13 173 1.0
13 174 1.0
13 176 1.0
13 177 1.0
13 178 1.0
13 191 1.0
13 192 1.0
13 60 1.0
13 59 1.0
13 57 1.0
13 56 1.0
13 46 1.0
13 45 1.0
13 44 1.0
13 43 1.0
13 42 1.0
13 41 1.0
13 40 1.0
13 39 1.0
14 15 1.0
14 16 1.0
14 34 1.0
14 47 1.0
14 48 1.0
14 49 1.0
14 50 1.0
14 51 1.0
14 52 1.0
14 53 1.0
14 54 1.0
14 55 1.0
14 65 1.0
14 67 1.0
14 68 1.0
14 71 1.0
14 74 1.0
14 75 1.0
14 80 1.0
14 121 1.0
14 125 1.0
14 126 1.0
14 127 1.0
14 128 1.0
14 129 1.0
14 130 1.0
14 131 1.0
14 135 1.0
14 136 1.0
14 137 1.0
14 138 1.0
14 139 1.0
14 145 1.0
14 147 1.0
14 149 1.0
14 150 1.0
14 151 1.0
14 153 1.0
14 154 1.0
14 160 1.0
14 161 1.0
14 162 1.0
14 163 1.0
14 164 1.0
14 165 1.0
14 166 1.0
14 173 1.0
14 174 1.0
14 176 1.0
14 177 1.0
14 178 1.0
14 191 1.0
14 192 1.0
14 62 1.0
14 60 1.0
14 59 1.0
14 57 1.0
14 56 1.0
14 46 1.0
14 45 1.0
14 44 1.0
14 43 1.0
14 42 1.0
14 41 1.0
14 40 1.0
14 39 1.0
15 16 1.0
15 34 1.0
15 47 1.0
15 48 1.0
15 49 1.0
15 50 1.0
15 51 1.0
15 52 1.0
15 53 1.0
15 54 1.0
15 55 1.0
15 65 1.0
15 67 1.0
15 68 1.0
15 71 1.0
15 74 1.0
15 75 1.0
15 80 1.0
15 121 1.0
15 125 1.0
15 126 1.0
15 127 1.0
15 128 1.0
15 129 1.0
15 130 1.0
15 131 1.0
15 135 1.0
15 136 1.0
15 137 1.0
15 138 1.0
15 139 1.0
15 145 1.0
15 147 1.0
15 149 1.0
15 150 1.0
15 151 1.0
15 153 1.0
15 154 1.0
15 160 1.0
15 161 1.0
15 162 1.0
15 163 1.0
15 164 1.0
15 165 1.0
15 166 1.0
15 173 1.0
15 174 1.0
15 176 1.0
15 177 1.0
15 178 1.0
15 191 1.0
15 192 1.0
16 34 1.0
16 47 1.0
16 48 1.0
16 49 1.0
16 50 1.0
16 51 1.0
16 52 1.0
16 53 1.0
16 54 1.0
16 55 1.0
16 65 1.0
16 67 1.0
16 68 1.0
16 71 1.0
16 74 1.0
16 75 1.0
16 80 1.0
16 121 1.0
16 125 1.0
16 126 1.0
16 127 1.0
16 128 1.0
16 129 1.0
16 130 1.0
16 131 1.0
16 135 1.0
16 136 1.0
16 137 1.0
16 138 1.0
16 139 1.0
16 145 1.0
16 147 1.0
16 149 1.0
16 150 1.0
16 151 1.0
16 153 1.0
16 154 1.0
16 160 1.0
16 161 1.0
16 162 1.0
16 163 1.0
16 164 1.0
16 165 1.0
16 166 1.0
16 173 1.0
16 174 1.0
16 176 1.0
16 177 1.0
16 178 1.0
16 191 1.0
16 192 1.0
16 45 1.0
16 44 1.0
16 43 1.0
16 42 1.0
16 41 1.0
16 40 1.0
16 39 1.0
17 18 1.0
17 19 1.0
17 20 1.0
17 21 1.0
17 22 1.0
17 23 1.0
17 24 1.0
17 25 1.0
17 26 1.0
17 27 1.0
17 28 1.0
17 29 1.0
17 30 1.0
17 31 1.0
17 32 1.0
17 33 1.0
17 35 1.0
17 36 1.0
17 37 1.0
17 38 1.0
17 39 1.0
17 40 1.0
17 41 1.0
17 42 1.0
17 43 1.0
17 44 1.0
17 45 1.0
17 46 1.0
17 56 1.0
17 57 1.0
17 59 1.0
17 60 1.0
17 62 1.0
17 63 1.0
17 64 1.0
17 73 1.0
17 77 1.0
17 83 1.0
17 85 1.0
17 87 1.0
17 88 1.0
17 90 1.0
17 91 1.0
17 93 1.0
17 96 1.0
17 99 1.0
17 102 1.0
17 104 1.0
17 107 1.0
17 108 1.0
17 109 1.0
17 111 1.0
17 112 1.0
17 114 1.0
17 117 1.0
17 118 1.0
17 120 1.0
17 142 1.0
17 144 1.0
17 146 1.0
17 148 1.0
17 152 1.0
17 157 1.0
17 169 1.0
17 181 1.0
17 184 1.0
17 187 1.0
17 189 1.0
17 195 1.0
17 197 1.0
17 75 1.0
17 74 1.0
17 71 1.0
17 68 1.0
17 67 1.0
17 65 1.0
17 55 1.0
17 54 1.0
17 53 1.0
17 52 1.0
17 51 1.0
17 50 1.0
17 49 1.0
17 48 1.0
17 47 1.0
17 192 1.0
17 191 1.0
17 80 1.0
17 34 1.0
17 131 1.0
17 130 1.0
17 129 1.0
17 128 1.0
17 127 1.0
17 126 1.0
17 125 1.0
17 121 1.0
17 178 1.0
17 177 1.0
17 176 1.0
17 174 1.0
17 173 1.0
17 136 1.0
17 135 1.0
17 166 1.0
17 165 1.0
17 164 1.0
17 163 1.0
17 162 1.0
17 161 1.0
17 160 1.0
17 139 1.0
17 138 1.0
17 137 1.0
17 154 1.0
17 153 1.0
17 151 1.0
17 150 1.0
17 149 1.0
17 147 1.0
17 145 1.0
18 19 1.0
18 20 1.0
18 21 1.0
18 22 1.0
18 23 1.0
18 24 1.0
18 25 1.0
18 26 1.0
18 27 1.0
18 28 1.0
18 29 1.0
18 30 1.0
18 31 1.0
18 32 1.0
18 33 1.0
18 35 1.0
18 36 1.0
18 37 1.0
18 38 1.0
18 39 1.0
18 40 1.0
18 41 1.0
18 42 1.0
18 43 1.0
18 44 1.0
18 45 1.0
18 46 1.0
18 56 1.0
18 57 1.0
18 59 1.0
18 60 1.0
18 62 1.0
18 63 1.0
18 64 1.0
18 73 1.0
18 77 1.0
18 83 1.0
18 85 1.0
18 87 1.0
18 88 1.0
18 90 1.0
18 91 1.0
18 93 1.0
18 96 1.0
18 99 1.0
18 102 1.0
18 104 1.0
18 107 1.0
18 108 1.0
18 109 1.0
18 111 1.0
18 112 1.0
18 114 1.0
18 117 1.0
18 118 1.0
18 120 1.0
18 142 1.0
18 144 1.0
18 146 1.0
18 148 1.0
18 152 1.0
18 157 1.0
18 169 1.0
18 181 1.0
18 184 1.0
18 187 1.0
18 189 1.0
18 195 1.0
18 197 1.0
19 20 1.0
19 21 1.0
19 22 1.0
19 23 1.0
19 24 1.0
19 25 1.0
19 26 1.0
19 27 1.0
19 28 1.0
19 29 1.0
19 30 1.0
19 31 1.0
19 32 1.0
19 33 1.0
19 35 1.0
19 36 1.0
19 37 1.0
19 38 1.0
19 39 1.0
19 40 1.0
19 41 1.0
19 42 1.0
19 43 1.0
19 44 1.0
19 45 1.0
19 46 1.0
19 56 1.0
19 57 1.0
19 59 1.0
19 60 1.0
19 62 1.0
19 63 1.0
19 64 1.0
19 73 1.0
19 77 1.0
19 83 1.0
19 85 1.0
19 87 1.0
19 88 1.0
19 90 1.0
19 91 1.0
19 93 1.0
19 96 1.0
19 99 1.0
19 102 1.0
19 104 1.0
19 107 1.0
19 108 1.0
19 109 1.0
19 111 1.0
19 112 1.0
19 114 1.0
19 117 1.0
19 118 1.0
19 120 1.0
19 142 1.0
19 144 1.0
19 146 1.0
19 148 1.0
19 152 1.0
19 157 1.0
19 169 1.0
19 181 1.0
19 184 1.0
19 187 1.0
19 189 1.0
19 195 1.0
19 197 1.0
19 47 1.0
20 21 1.0
20 22 1.0
20 23 1.0
20 24 1.0
20 25 1.0
20 26 1.0
20 27 1.0
20 28 1.0
20 29 1.0
20 30 1.0
20 31 1.0
20 32 1.0
20 33 1.0
20 35 1.0
20 36 1.0
20 37 1.0
20 38 1.0
20 39 1.0
20 40 1.0
20 41 1.0
20 42 1.0
20 43 1.0
20 44 1.0
20 45 1.0
20 46 1.0
20 56 1.0
20 57 1.0
20 59 1.0
20 60 1.0
20 62 1.0
20 63 1.0
20 64 1.0
20 73 1.0
20 77 1.0
20 83 1.0
20 85 1.0
20 87 1.0
20 88 1.0
20 90 1.0
20 91 1.0
20 93 1.0
20 96 1.0
20 99 1.0
20 102 1.0
20 104 1.0
20 107 1.0
20 108 1.0
20 109 1.0
20 111 1.0
20 112 1.0
20 114 1.0
20 117 1.0
20 118 1.0
20 120 1.0
20 142 1.0
20 144 1.0
20 146 1.0
20 148 1.0
20 152 1.0
20 157 1.0
20 169 1.0
20 181 1.0
20 184 1.0
20 187 1.0
20 189 1.0
20 195 1.0
20 197 1.0
20 48 1.0
20 47 1.0
21 22 1.0
21 23 1.0
21 24 1.0
21 25 1.0
21 26 1.0
21 27 1.0
21 28 1.0
21 29 1.0
21 30 1.0
21 31 1.0
21 32 1.0
21 33 1.0
21 35 1.0
21 36 1.0
21 37 1.0
21 38 1.0
21 39 1.0
21 40 1.0
21 41 1.0
21 42 1.0
21 43 1.0
21 44 1.0
21 45 1.0
21 46 1.0
21 56 1.0
21 57 1.0
21 59 1.0
21 60 1.0
21 62 1.0
21 63 1.0
21 64 1.0
21 73 1.0
21 77 1.0
21 83 1.0
21 85 1.0
21 87 1.0
21 88 1.0
21 90 1.0
21 91 1.0
21 93 1.0
21 96 1.0
21 99 1.0
21 102 1.0
21 104 1.0
21 107 1.0
21 108 1.0
21 109 1.0
21 111 1.0
21 112 1.0
21 114 1.0
21 117 1.0
21 118 1.0
21 120 1.0
21 142 1.0
21 144 1.0
21 146 1.0
21 148 1.0
21 152 1.0
21 157 1.0
21 169 1.0
21 181 1.0
21 184 1.0
21 187 1.0
21 189 1.0
21 195 1.0
21 197 1.0
21 49 1.0
21 48 1.0
21 47 1.0
22 23 1.0
22 24 1.0
22 25 1.0
22 26 1.0
22 27 1.0
22 28 1.0
22 29 1.0
22 30 1.0
22 31 1.0
22 32 1.0
22 33 1.0
22 35 1.0
22 36 1.0
22 37 1.0
22 38 1.0
22 39 1.0
22 40 1.0
22 41 1.0
22 42 1.0
22 43 1.0
22 44 1.0
22 45 1.0
22 46 1.0
22 56 1.0
22 57 1.0
22 59 1.0
22 60 1.0
22 62 1.0
22 63 1.0
22 64 1.0
22 73 1.0
22 77 1.0
22 83 1.0
22 85 1.0
22 87 1.0
22 88 1.0
22 90 1.0
22 91 1.0
22 93 1.0
22 96 1.0
22 99 1.0
22 102 1.0
22 104 1.0
22 107 1.0
22 108 1.0
22 109 1.0
22 111 1.0
22 112 1.0
22 114 1.0
22 117 1.0
22 118 1.0
22 120 1.0
22 142 1.0
22 144 1.0
22 146 1.0
22 148 1.0
22 152 1.0
22 157 1.0
22 169 1.0
22 181 1.0
22 184 1.0
22 187 1.0
22 189 1.0
22 195 1.0
22 197 1.0
22 50 1.0
22 49 1.0
22 48 1.0
22 47 1.0
23 24 1.0
23 25 1.0
23 26 1.0
23 27 1.0
23 28 1.0
23 29 1.0
23 30 1.0
23 31 1.0
23 32 1.0
23 33 1.0
23 35 1.0
23 36 1.0
23 37 1.0
23 38 1.0
23 39 1.0
23 40 1.0
23 41 1.0
23 42 1.0
23 43 1.0
23 44 1.0
23 45 1.0
23 46 1.0
23 56 1.0
23 57 1.0
23 59 1.0
23 60 1.0
23 62 1.0
23 63 1.0
23 64 1.0
23 73 1.0
23 77 1.0
23 83 1.0
23 85 1.0
23 87 1.0
23 88 1.0
23 90 1.0
23 91 1.0
23 93 1.0
23 96 1.0
23 99 1.0
23 102 1.0
23 104 1.0
23 107 1.0
23 108 1.0
23 109 1.0
23 111 1.0
23 112 1.0
23 114 1.0
23 117 1.0
23 118 1.0
23 120 1.0
23 142 1.0
23 144 1.0
23 146 1.0
23 148 1.0
23 152 1.0
23 157 1.0
23 169 1.0
23 181 1.0
23 184 1.0
23 187 1.0
23 189 1.0
23 195 1.0
23 197 1.0
23 51 1.0
23 50 1.0
23 49 1.0
23 48 1.0
23 47 1.0
24 25 1.0
24 26 1.0
24 27 1.0
24 28 1.0
24 29 1.0
24 30 1.0
24 31 1.0
24 32 1.0
24 33 1.0
24 35 1.0
24 36 1.0
24 37 1.0
24 38 1.0
24 39 1.0
24 40 1.0
24 41 1.0
24 42 1.0
24 43 1.0
24 44 1.0
24 45 1.0
24 46 1.0
24 56 1.0
24 57 1.0
24 59 1.0
24 60 1.0
24 62 1.0
24 63 1.0
24 64 1.0
24 73 1.0
24 77 1.0
24 83 1.0
24 85 1.0
24 87 1.0
24 88 1.0
24 90 1.0
24 91 1.0
24 93 1.0
24 96 1.0
24 99 1.0
24 102 1.0
24 104 1.0
24 107 1.0
24 108 1.0
24 109 1.0
24 111 1.0
24 112 1.0
24 114 1.0
24 117 1.0
24 118 1.0
24 120 1.0
24 142 1.0
24 144 1.0
24 146 1.0
24 148 1.0
24 152 1.0
24 157 1.0
24 169 1.0
24 181 1.0
24 184 1.0
24 187 1.0
24 189 1.0
24 195 1.0
24 197 1.0
24 52 1.0
24 51 1.0
24 50 1.0
24 49 1.0
24 48 1.0
24 47 1.0
25 26 1.0
25 27 1.0
25 28 1.0
25 29 1.0
25 30 1.0
25 31 1.0
25 32 1.0
25 33 1.0
25 35 1.0
25 36 1.0
25 37 1.0
25 38 1.0
25 39 1.0
25 40 1.0
25 41 1.0
25 42 1.0
25 43 1.0
25 44 1.0
25 45 1.0
25 46 1.0
25 56 1.0
25 57 1.0
25 59 1.0
25 60 1.0
25 62 1.0
25 63 1.0
25 64 1.0
25 73 1.0
25 77 1.0
25 83 1.0
25 85 1.0
25 87 1.0
25 88 1.0
25 90 1.0
25 91 1.0
25 93 1.0
25 96 1.0
25 99 1.0
25 102 1.0
25 104 1.0
25 107 1.0
25 108 1.0
25 109 1.0
25 111 1.0
25 112 1.0
25 114 1.0
25 117 1.0
25 118 1.0
25 120 1.0
25 142 1.0
25 144 1.0
25 146 1.0
25 148 1.0
25 152 1.0
25 157 1.0
25 169 1.0
25 181 1.0
25 184 1.0
25 187 1.0
25 189 1.0
25 195 1.0
25 197 1.0
25 53 1.0
25 52 1.0
25 51 1.0
25 50 1.0
25 49 1.0
25 48 1.0
25 47 1.0
26 27 1.0
26 28 1.0
26 29 1.0
26 30 1.0
26 31 1.0
26 32 1.0
26 33 1.0
26 35 1.0
26 36 1.0
26 37 1.0
26 38 1.0
26 39 1.0
26 40 1.0
26 41 1.0
26 42 1.0
26 43 1.0
26 44 1.0
26 45 1.0
26 46 1.0
26 56 1.0
26 57 1.0
26 59 1.0
26 60 1.0
26 62 1.0
26 63 1.0
26 64 1.0
26 73 1.0
26 77 1.0
26 83 1.0
26 85 1.0
26 87 1.0
26 88 1.0
26 90 1.0
26 91 1.0
26 93 1.0
26 96 1.0
26 99 1.0
26 102 1.0
26 104 1.0
26 107 1.0
26 108 1.0
26 109 1.0
26 111 1.0
26 112 1.0
26 114 1.0
26 117 1.0
26 118 1.0
26 120 1.0
26 142 1.0
26 144 1.0
26 146 1.0
26 148 1.0
26 152 1.0
26 157 1.0
26 169 1.0
26 181 1.0
26 184 1.0
26 187 1.0
26 189 1.0
26 195 1.0
26 197 1.0
26 54 1.0
26 53 1.0
26 52 1.0
26 51 1.0
26 50 1.0
26 49 1.0
26 48 1.0
26 47 1.0
27 28 1.0
27 29 1.0
27 30 1.0
27 31 1.0
27 32 1.0
27 33 1.0
27 35 1.0
27 36 1.0
27 37 1.0
27 38 1.0
27 39 1.0
27 40 1.0
27 41 1.0
27 42 1.0
27 43 1.0
27 44 1.0
27 45 1.0
27 46 1.0
27 56 1.0
27 57 1.0
27 59 1.0
27 60 1.0
27 62 1.0
27 63 1.0
27 64 1.0
27 73 1.0
27 77 1.0
27 83 1.0
27 85 1.0
27 87 1.0
27 88 1.0
27 90 1.0
27 91 1.0
27 93 1.0
27 96 1.0
27 99 1.0
27 102 1.0
27 104 1.0
27 107 1.0
27 108 1.0
27 109 1.0
27 111 1.0
27 112 1.0
27 114 1.0
27 117 1.0
27 118 1.0
27 120 1.0
27 142 1.0
27 144 1.0
27 146 1.0
27 148 1.0
27 152 1.0
27 157 1.0
27 169 1.0
27 181 1.0
27 184 1.0
27 187 1.0
27 189 1.0
27 195 1.0
27 197 1.0
28 29 1.0
28 30 1.0
28 31 1.0
28 32 1.0
28 33 1.0
28 35 1.0
28 36 1.0
28 37 1.0
28 38 1.0
28 39 1.0
28 40 1.0
28 41 1.0
28 42 1.0
28 43 1.0
28 44 1.0
28 45 1.0
28 46 1.0
28 56 1.0
28 57 1.0
28 59 1.0
28 60 1.0
28 62 1.0
28 63 1.0
28 64 1.0
28 73 1.0
28 77 1.0
28 83 1.0
28 85 1.0
28 87 1.0
28 88 1.0
28 90 1.0
28 91 1.0
28 93 1.0
28 96 1.0
28 99 1.0
28 102 1.0
28 104 1.0
28 107 1.0
28 108 1.0
28 109 1.0
28 111 1.0
28 112 1.0
28 114 1.0
28 117 1.0
28 118 1.0
28 120 1.0
28 142 1.0
28 144 1.0
28 146 1.0
28 148 1.0
28 152 1.0
28 157 1.0
28 169 1.0
28 181 1.0
28 184 1.0
28 187 1.0
28 189 1.0
28 195 1.0
28 197 1.0
29 30 1.0
29 31 1.0
29 32 1.0
29 33 1.0
29 35 1.0
29 36 1.0
29 37 1.0
29 38 1.0
29 39 1.0
29 40 1.0
29 41 1.0
29 42 1.0
29 43 1.0
29 44 1.0
29 45 1.0
29 46 1.0
29 56 1.0
29 57 1.0
29 59 1.0
29 60 1.0
29 62 1.0
29 63 1.0
29 64 1.0
29 73 1.0
29 77 1.0
29 83 1.0
29 85 1.0
29 87 1.0
29 88 1.0
29 90 1.0
29 91 1.0
29 93 1.0
29 96 1.0
29 99 1.0
29 102 1.0
29 104 1.0
29 107 1.0
29 108 1.0
29 109 1.0
29 111 1.0
29 112 1.0
29 114 1.0
29 117 1.0
29 118 1.0
29 120 1.0
29 142 1.0
29 144 1.0
29 146 1.0
29 148 1.0
29 152 1.0
29 157 1.0
29 169 1.0
29 181 1.0
29 184 1.0
29 187 1.0
29 189 1.0
29 195 1.0
29 197 1.0
30 31 1.0
30 32 1.0
30 33 1.0
30 35 1.0
30 36 1.0
30 37 1.0
30 38 1.0
30 39 1.0
30 40 1.0
30 41 1.0
30 42 1.0
30 43 1.0
30 44 1.0
30 45 1.0
30 46 1.0
30 56 1.0
30 57 1.0
30 59 1.0
30 60 1.0
30 62 1.0
30 63 1.0
30 64 1.0
30 73 1.0
30 77 1.0
30 83 1.0
30 85 1.0
30 87 1.0
30 88 1.0
30 90 1.0
30 91 1.0
30 93 1.0
30 96 1.0
30 99 1.0
30 102 1.0
30 104 1.0
30 107 1.0
30 108 1.0
30 109 1.0
30 111 1.0
30 112 1.0
30 114 1.0
30 117 1.0
30 118 1.0
30 120 1.0
30 142 1.0
30 144 1.0
30 146 1.0
30 148 1.0
30 152 1.0
30 157 1.0
30 169 1.0
30 181 1.0
30 184 1.0
30 187 1.0
30 189 1.0
30 195 1.0
30 197 1.0
31 32 1.0
31 33 1.0
31 35 1.0
31 36 1.0
31 37 1.0
31 38 1.0
31 39 1.0
31 40 1.0
31 41 1.0
31 42 1.0
31 43 1.0
31 44 1.0
31 45 1.0
31 46 1.0
31 56 1.0
31 57 1.0
31 59 1.0
31 60 1.0
31 62 1.0
31 63 1.0
31 64 1.0
31 73 1.0
31 77 1.0
31 83 1.0
31 85 1.0
31 87 1.0
31 88 1.0
31 90 1.0
31 91 1.0
31 93 1.0
31 96 1.0
31 99 1.0
31 102 1.0
31 104 1.0
31 107 1.0
31 108 1.0
31 109 1.0
31 111 1.0
31 112 1.0
31 114 1.0
31 117 1.0
31 118 1.0
31 120 1.0
31 142 1.0
31 144 1.0
31 146 1.0
31 148 1.0
31 152 1.0
31 157 1.0
31 169 1.0
31 181 1.0
31 184 1.0
31 187 1.0
31 189 1.0
31 195 1.0
31 197 1.0
32 33 1.0
32 35 1.0
32 36 1.0
32 37 1.0
32 38 1.0
32 39 1.0
32 40 1.0
32 41 1.0
32 42 1.0
32 43 1.0
32 44 1.0
32 45 1.0
32 46 1.0
32 56 1.0
32 57 1.0
32 59 1.0
32 60 1.0
32 62 1.0
32 63 1.0
32 64 1.0
32 73 1.0
32 77 1.0
32 83 1.0
32 85 1.0
32 87 1.0
32 88 1.0
32 90 1.0
32 91 1.0
32 93 1.0
32 96 1.0
32 99 1.0
32 102 1.0
32 104 1.0
32 107 1.0
32 108 1.0
32 109 1.0
32 111 1.0
32 112 1.0
32 114 1.0
32 117 1.0
32 118 1.0
32 120 1.0
32 142 1.0
32 144 1.0
32 146 1.0
32 148 1.0
32 152 1.0
32 157 1.0
32 169 1.0
32 181 1.0
32 184 1.0
32 187 1.0
32 189 1.0
32 195 1.0
32 197 1.0
33 111 1.0
33 107 1.0
33 104 1.0
33 99 1.0
33 91 1.0
33 88 1.0
33 63 1.0
33 117 1.0
33 118 1.0
33 120 1.0
33 114 1.0
33 83 1.0
33 87 1.0
33 62 1.0
33 85 1.0
33 64 1.0
33 59 1.0
33 56 1.0
33 112 1.0
33 60 1.0
33 57 1.0
33 46 1.0
33 45 1.0
33 44 1.0
33 43 1.0
33 42 1.0
33 41 1.0
33 40 1.0
33 39 1.0
33 36 1.0
33 181 1.0
33 37 1.0
33 169 1.0
33 35 1.0
33 157 1.0
33 152 1.0
33 148 1.0
33 146 1.0
33 144 1.0
33 142 1.0
34 80 1.0
34 74 1.0
34 67 1.0
34 131 1.0
34 75 1.0
34 71 1.0
34 65 1.0
34 55 1.0
34 54 1.0
34 53 1.0
34 52 1.0
34 51 1.0
34 50 1.0
34 49 1.0
34 48 1.0
34 47 1.0
34 135 1.0
35 107 1.0
35 104 1.0
35 99 1.0
35 91 1.0
35 88 1.0
35 63 1.0
35 117 1.0
35 118 1.0
35 120 1.0
35 114 1.0
35 83 1.0
35 111 1.0
35 87 1.0
35 62 1.0
35 85 1.0
35 112 1.0
35 59 1.0
35 56 1.0
35 60 1.0
35 57 1.0
35 46 1.0
35 45 1.0
35 44 1.0
35 43 1.0
35 42 1.0
35 41 1.0
35 40 1.0
35 39 1.0
35 157 1.0
35 64 1.0
35 152 1.0
35 148 1.0
35 146 1.0
35 144 1.0
36 111 1.0
36 107 1.0
36 104 1.0
36 99 1.0
36 91 1.0
36 88 1.0
36 63 1.0
36 117 1.0
36 118 1.0
36 120 1.0
36 114 1.0
36 83 1.0
36 87 1.0
36 62 1.0
36 85 1.0
36 112 1.0
36 59 1.0
36 56 1.0
36 60 1.0
36 57 1.0
36 46 1.0
36 45 1.0
36 44 1.0
36 43 1.0
36 42 1.0
36 41 1.0
36 40 1.0
36 39 1.0
36 181 1.0
36 64 1.0
37 111 1.0
37 107 1.0
37 104 1.0
37 99 1.0
37 91 1.0
37 88 1.0
37 63 1.0
37 117 1.0
37 118 1.0
37 120 1.0
37 114 1.0
37 83 1.0
37 87 1.0
37 62 1.0
37 85 1.0
37 112 1.0
37 59 1.0
37 56 1.0
37 60 1.0
37 57 1.0
37 46 1.0
37 45 1.0
37 44 1.0
37 43 1.0
37 42 1.0
37 41 1.0
37 40 1.0
37 39 1.0
37 169 1.0
37 64 1.0
38 189 1.0
38 187 1.0
38 59 1.0
38 56 1.0
38 60 1.0
38 57 1.0
38 46 1.0
38 45 1.0
38 44 1.0
38 43 1.0
38 42 1.0
38 41 1.0
38 40 1.0
38 39 1.0
38 195 1.0
39 77 1.0
39 73 1.0
39 64 1.0
39 63 1.0
39 62 1.0
39 60 1.0
39 59 1.0
39 57 1.0
39 56 1.0
39 46 1.0
39 45 1.0
39 44 1.0
39 43 1.0
39 42 1.0
39 41 1.0
39 40 1.0
39 197 1.0
39 189 1.0
39 187 1.0
39 184 1.0
39 195 1.0
39 120 1.0
39 118 1.0
39 117 1.0
39 114 1.0
39 112 1.0
39 111 1.0
39 109 1.0
39 108 1.0
39 107 1.0
39 104 1.0
39 102 1.0
39 99 1.0
39 96 1.0
39 93 1.0
39 91 1.0
39 90 1.0
39 88 1.0
39 87 1.0
39 85 1.0
39 83 1.0
39 181 1.0
39 169 1.0
39 157 1.0
39 152 1.0
39 148 1.0
39 146 1.0
39 144 1.0
39 142 1.0
40 77 1.0
40 73 1.0
40 64 1.0
40 63 1.0
40 62 1.0
40 60 1.0
40 59 1.0
40 57 1.0
40 56 1.0
40 46 1.0
40 45 1.0
40 44 1.0
40 43 1.0
40 42 1.0
40 41 1.0
40 197 1.0
40 189 1.0
40 187 1.0
40 184 1.0
40 195 1.0
40 120 1.0
40 118 1.0
40 117 1.0
40 114 1.0
40 112 1.0
40 111 1.0
40 109 1.0
40 108 1.0
40 107 1.0
40 104 1.0
40 102 1.0
40 99 1.0
40 96 1.0
40 93 1.0
40 91 1.0
40 90 1.0
40 88 1.0
40 87 1.0
40 85 1.0
40 83 1.0
40 181 1.0
40 169 1.0
40 157 1.0
40 152 1.0
40 148 1.0
40 146 1.0
40 144 1.0
40 142 1.0
41 77 1.0
41 73 1.0
41 64 1.0
41 63 1.0
41 62 1.0
41 60 1.0
41 59 1.0
41 57 1.0
41 56 1.0
41 46 1.0
41 45 1.0
41 44 1.0
41 43 1.0
41 42 1.0
41 197 1.0
41 189 1.0
41 187 1.0
41 184 1.0
41 195 1.0
41 120 1.0
41 118 1.0
41 117 1.0
41 114 1.0
41 112 1.0
41 111 1.0
41 109 1.0
41 108 1.0
41 107 1.0
41 104 1.0
41 102 1.0
41 99 1.0
41 96 1.0
41 93 1.0
41 91 1.0
41 90 1.0
41 88 1.0
41 87 1.0
41 85 1.0
41 83 1.0
41 181 1.0
41 169 1.0
41 157 1.0
41 152 1.0
41 148 1.0
41 146 1.0
41 144 1.0
41 142 1.0
42 77 1.0
42 73 1.0
42 64 1.0
42 63 1.0
42 62 1.0
42 60 1.0
42 59 1.0
42 57 1.0
42 56 1.0
42 46 1.0
42 45 1.0
42 44 1.0
42 43 1.0
42 197 1.0
42 189 1.0
42 187 1.0
42 184 1.0
42 195 1.0
42 120 1.0
42 118 1.0
42 117 1.0
42 114 1.0
42 112 1.0
42 111 1.0
42 109 1.0
42 108 1.0
42 107 1.0
42 104 1.0
42 102 1.0
42 99 1.0
42 96 1.0
42 93 1.0
42 91 1.0
42 90 1.0
42 88 1.0
42 87 1.0
42 85 1.0
42 83 1.0
42 181 1.0
42 169 1.0
42 157 1.0
42 152 1.0
42 148 1.0
42 146 1.0
42 144 1.0
42 142 1.0
43 77 1.0
43 73 1.0
43 64 1.0
43 63 1.0
43 62 1.0
43 60 1.0
43 59 1.0
43 57 1.0
43 56 1.0
43 46 1.0
43 45 1.0
43 44 1.0
43 197 1.0
43 189 1.0
43 187 1.0
43 184 1.0
43 195 1.0
43 120 1.0
43 118 1.0
43 117 1.0
43 114 1.0
43 112 1.0
43 111 1.0
43 109 1.0
43 108 1.0
43 107 1.0
43 104 1.0
43 102 1.0
43 99 1.0
43 96 1.0
43 93 1.0
43 91 1.0
43 90 1.0
43 88 1.0
43 87 1.0
43 85 1.0
43 83 1.0
43 181 1.0
43 169 1.0
43 157 1.0
43 152 1.0
43 148 1.0
43 146 1.0
43 144 1.0
43 142 1.0
44 77 1.0
44 73 1.0
44 64 1.0
44 63 1.0
44 62 1.0
44 60 1.0
44 59 1.0
44 57 1.0
44 56 1.0
44 46 1.0
44 45 1.0
44 197 1.0
44 189 1.0
44 187 1.0
44 184 1.0
44 195 1.0
44 120 1.0
44 118 1.0
44 117 1.0
44 114 1.0
44 112 1.0
44 111 1.0
44 109 1.0
44 108 1.0
44 107 1.0
44 104 1.0
44 102 1.0
44 99 1.0
44 96 1.0
44 93 1.0
44 91 1.0
44 90 1.0
44 88 1.0
44 87 1.0
44 85 1.0
44 83 1.0
44 181 1.0
44 169 1.0
44 157 1.0
44 152 1.0
44 148 1.0
44 146 1.0
44 144 1.0
44 142 1.0
45 77 1.0
45 73 1.0
45 64 1.0
45 63 1.0
45 62 1.0
45 60 1.0
45 59 1.0
45 57 1.0
45 56 1.0
45 46 1.0
45 197 1.0
45 189 1.0
45 187 1.0
45 184 1.0
45 195 1.0
45 120 1.0
45 118 1.0
45 117 1.0
45 114 1.0
45 112 1.0
45 111 1.0
45 109 1.0
45 108 1.0
45 107 1.0
45 104 1.0
45 102 1.0
45 99 1.0
45 96 1.0
45 93 1.0
45 91 1.0
45 90 1.0
45 88 1.0
45 87 1.0
45 85 1.0
45 83 1.0
45 181 1.0
45 169 1.0
45 157 1.0
45 152 1.0
45 148 1.0
45 146 1.0
45 144 1.0
45 142 1.0
46 77 1.0
46 73 1.0
46 64 1.0
46 63 1.0
46 62 1.0
46 60 1.0
46 59 1.0
46 57 1.0
46 56 1.0
46 197 1.0
46 189 1.0
46 187 1.0
46 184 1.0
46 195 1.0
46 120 1.0
46 118 1.0
46 117 1.0
46 114 1.0
46 112 1.0
46 111 1.0
46 109 1.0
46 108 1.0
46 107 1.0
46 104 1.0
46 102 1.0
46 99 1.0
46 96 1.0
46 93 1.0
46 91 1.0
46 90 1.0
46 88 1.0
46 87 1.0
46 85 1.0
46 83 1.0
46 181 1.0
46 169 1.0
46 157 1.0
46 152 1.0
46 148 1.0
46 146 1.0
46 144 1.0
46 142 1.0
47 75 1.0
47 74 1.0
47 71 1.0
47 68 1.0
47 67 1.0
47 65 1.0
47 55 1.0
47 54 1.0
47 53 1.0
47 52 1.0
47 51 1.0
47 50 1.0
47 49 1.0
47 48 1.0
47 192 1.0
47 191 1.0
47 80 1.0
47 131 1.0
47 130 1.0
47 129 1.0
47 128 1.0
47 127 1.0
47 126 1.0
47 125 1.0
47 121 1.0
47 178 1.0
47 177 1.0
47 176 1.0
47 174 1.0
47 173 1.0
47 136 1.0
47 135 1.0
47 166 1.0
47 165 1.0
47 164 1.0
47 163 1.0
47 162 1.0
47 161 1.0
47 160 1.0
47 139 1.0
47 138 1.0
47 137 1.0
47 154 1.0
47 153 1.0
47 151 1.0
47 150 1.0
47 149 1.0
47 147 1.0
47 145 1.0
48 75 1.0
48 74 1.0
48 71 1.0
48 68 1.0
48 67 1.0
48 65 1.0
48 55 1.0
48 54 1.0
48 53 1.0
48 52 1.0
48 51 1.0
48 50 1.0
48 49 1.0
48 192 1.0
48 191 1.0
48 80 1.0
48 131 1.0
48 130 1.0
48 129 1.0
48 128 1.0
48 127 1.0
48 126 1.0
48 125 1.0
48 121 1.0
48 178 1.0
48 177 1.0
48 176 1.0
48 174 1.0
48 173 1.0
48 136 1.0
48 135 1.0
48 166 1.0
48 165 1.0
48 164 1.0
48 163 1.0
48 162 1.0
48 161 1.0
48 160 1.0
48 139 1.0
48 138 1.0
48 137 1.0
48 154 1.0
48 153 1.0
48 151 1.0
48 150 1.0
48 149 1.0
48 147 1.0
48 145 1.0
49 75 1.0
49 74 1.0
49 71 1.0
49 68 1.0
49 67 1.0
49 65 1.0
49 55 1.0
49 54 1.0
49 53 1.0
49 52 1.0
49 51 1.0
49 50 1.0
49 192 1.0
49 191 1.0
49 80 1.0
49 131 1.0
49 130 1.0
49 129 1.0
49 128 1.0
49 127 1.0
49 126 1.0
49 125 1.0
49 121 1.0
49 178 1.0
49 177 1.0
49 176 1.0
49 174 1.0
49 173 1.0
49 136 1.0
49 135 1.0
49 166 1.0
49 165 1.0
49 164 1.0
49 163 1.0
49 162 1.0
49 161 1.0
49 160 1.0
49 139 1.0
49 138 1.0
49 137 1.0
49 154 1.0
49 153 1.0
49 151 1.0
49 150 1.0
49 149 1.0
49 147 1.0
49 145 1.0
50 75 1.0
50 74 1.0
50 71 1.0
50 68 1.0
50 67 1.0
50 65 1.0
50 55 1.0
50 54 1.0
50 53 1.0
50 52 1.0
50 51 1.0
50 192 1.0
50 191 1.0
50 80 1.0
50 131 1.0
50 130 1.0
50 129 1.0
50 128 1.0
50 127 1.0
50 126 1.0
50 125 1.0
50 121 1.0
50 178 1.0
50 177 1.0
50 176 1.0
50 174 1.0
50 173 1.0
50 136 1.0
50 135 1.0
50 166 1.0
50 165 1.0
50 164 1.0
50 163 1.0
50 162 1.0
50 161 1.0
50 160 1.0
50 139 1.0
50 138 1.0
50 137 1.0
50 154 1.0
50 153 1.0
50 151 1.0
50 150 1.0
50 149 1.0
50 147 1.0
50 145 1.0
51 75 1.0
51 74 1.0
51 71 1.0
51 68 1.0
51 67 1.0
51 65 1.0
51 55 1.0
51 54 1.0
51 53 1.0
51 52 1.0
51 192 1.0
51 191 1.0
51 80 1.0
51 131 1.0
51 130 1.0
51 129 1.0
51 128 1.0
51 127 1.0
51 126 1.0
51 125 1.0
51 121 1.0
51 178 1.0
51 177 1.0
51 176 1.0
51 174 1.0
51 173 1.0
51 136 1.0
51 135 1.0
51 166 1.0
51 165 1.0
51 164 1.0
51 163 1.0
51 162 1.0
51 161 1.0
51 160 1.0
51 139 1.0
51 138 1.0
51 137 1.0
51 154 1.0
51 153 1.0
51 151 1.0
51 150 1.0
51 149 1.0
51 147 1.0
51 145 1.0
52 75 1.0
52 74 1.0
52 71 1.0
52 68 1.0
52 67 1.0
52 65 1.0
52 55 1.0
52 54 1.0
52 53 1.0
52 192 1.0
52 191 1.0
52 80 1.0
52 131 1.0
52 130 1.0
52 129 1.0
52 128 1.0
52 127 1.0
52 126 1.0
52 125 1.0
52 121 1.0
52 178 1.0
52 177 1.0
52 176 1.0
52 174 1.0
52 173 1.0
52 136 1.0
52 135 1.0
52 166 1.0
52 165 1.0
52 164 1.0
52 163 1.0
52 162 1.0
52 161 1.0
52 160 1.0
52 139 1.0
52 138 1.0
52 137 1.0
52 154 1.0
52 153 1.0
52 151 1.0
52 150 1.0
52 149 1.0
52 147 1.0
52 145 1.0
53 75 1.0
53 74 1.0
53 71 1.0
53 68 1.0
53 67 1.0
53 65 1.0
53 55 1.0
53 54 1.0
53 192 1.0
53 191 1.0
53 80 1.0
53 131 1.0
53 130 1.0
53 129 1.0
53 128 1.0
53 127 1.0
53 126 1.0
53 125 1.0
53 121 1.0
53 178 1.0
53 177 1.0
53 176 1.0
53 174 1.0
53 173 1.0
53 136 1.0
53 135 1.0
53 166 1.0
53 165 1.0
53 164 1.0
53 163 1.0
53 162 1.0
53 161 1.0
53 160 1.0
53 139 1.0
53 138 1.0
53 137 1.0
53 154 1.0
53 153 1.0
53 151 1.0
53 150 1.0
53 149 1.0
53 147 1.0
53 145 1.0
54 75 1.0
54 74 1.0
54 71 1.0
54 68 1.0
54 67 1.0
54 65 1.0
54 55 1.0
54 192 1.0
54 191 1.0
54 80 1.0
54 131 1.0
54 130 1.0
54 129 1.0
54 128 1.0
54 127 1.0
54 126 1.0
54 125 1.0
54 121 1.0
54 178 1.0
54 177 1.0
54 176 1.0
54 174 1.0
54 173 1.0
54 136 1.0
54 135 1.0
54 166 1.0
54 165 1.0
54 164 1.0
54 163 1.0
54 162 1.0
54 161 1.0
54 160 1.0
54 139 1.0
54 138 1.0
54 137 1.0
54 154 1.0
54 153 1.0
54 151 1.0
54 150 1.0
54 149 1.0
54 147 1.0
54 145 1.0
55 75 1.0
55 74 1.0
55 71 1.0
55 68 1.0
55 67 1.0
55 65 1.0
55 192 1.0
55 191 1.0
55 80 1.0
55 131 1.0
55 130 1.0
55 129 1.0
55 128 1.0
55 127 1.0
55 126 1.0
55 125 1.0
55 121 1.0
55 178 1.0
55 177 1.0
55 176 1.0
55 174 1.0
55 173 1.0
55 136 1.0
55 135 1.0
55 166 1.0
55 165 1.0
55 164 1.0
55 163 1.0
55 162 1.0
55 161 1.0
55 160 1.0
55 139 1.0
55 138 1.0
55 137 1.0
55 154 1.0
55 153 1.0
55 151 1.0
55 150 1.0
55 149 1.0
55 147 1.0
55 145 1.0
56 77 1.0
56 73 1.0
56 64 1.0
56 63 1.0
56 62 1.0
56 60 1.0
56 59 1.0
56 57 1.0
56 197 1.0
56 189 1.0
56 187 1.0
56 184 1.0
56 195 1.0
56 120 1.0
56 118 1.0
56 117 1.0
56 114 1.0
56 112 1.0
56 111 1.0
56 109 1.0
56 108 1.0
56 107 1.0
56 104 1.0
56 102 1.0
56 99 1.0
56 96 1.0
56 93 1.0
56 91 1.0
56 90 1.0
56 88 1.0
56 87 1.0
56 85 1.0
56 83 1.0
56 181 1.0
56 169 1.0
56 157 1.0
56 152 1.0
56 148 1.0
56 146 1.0
56 144 1.0
56 142 1.0
57 77 1.0
57 73 1.0
57 64 1.0
57 63 1.0
57 62 1.0
57 60 1.0
57 59 1.0
57 197 1.0
57 189 1.0
57 187 1.0
57 184 1.0
57 195 1.0
57 120 1.0
57 118 1.0
57 117 1.0
57 114 1.0
57 112 1.0
57 111 1.0
57 109 1.0
57 108 1.0
57 107 1.0
57 104 1.0
57 102 1.0
57 99 1.0
57 96 1.0
57 93 1.0
57 91 1.0
57 90 1.0
57 88 1.0
57 87 1.0
57 85 1.0
57 83 1.0
57 181 1.0
57 169 1.0
57 157 1.0
57 152 1.0
57 148 1.0
57 146 1.0
57 144 1.0
57 142 1.0
59 77 1.0
59 73 1.0
59 64 1.0
59 63 1.0
59 62 1.0
59 60 1.0
59 197 1.0
59 189 1.0
59 187 1.0
59 184 1.0
59 195 1.0
59 120 1.0
59 118 1.0
59 117 1.0
59 114 1.0
59 112 1.0
59 111 1.0
59 109 1.0
59 108 1.0
59 107 1.0
59 104 1.0
59 102 1.0
59 99 1.0
59 96 1.0
59 93 1.0
59 91 1.0
59 90 1.0
59 88 1.0
59 87 1.0
59 85 1.0
59 83 1.0
59 181 1.0
59 169 1.0
59 157 1.0
59 152 1.0
59 148 1.0
59 146 1.0
59 144 1.0
59 142 1.0
60 77 1.0
60 73 1.0
60 64 1.0
60 63 1.0
60 62 1.0
60 197 1.0
60 189 1.0
60 187 1.0
60 184 1.0
60 195 1.0
60 120 1.0
60 118 1.0
60 117 1.0
60 114 1.0
60 112 1.0
60 111 1.0
60 109 1.0
60 108 1.0
60 107 1.0
60 104 1.0
60 102 1.0
60 99 1.0
60 96 1.0
60 93 1.0
60 91 1.0
60 90 1.0
60 88 1.0
60 87 1.0
60 85 1.0
60 83 1.0
60 181 1.0
60 169 1.0
60 157 1.0
60 152 1.0
60 148 1.0
60 146 1.0
60 144 1.0
60 142 1.0
62 77 1.0
62 73 1.0
62 64 1.0
62 63 1.0
62 197 1.0
62 187 1.0
62 184 1.0
62 120 1.0
62 118 1.0
62 117 1.0
62 114 1.0
62 112 1.0
62 111 1.0
62 109 1.0
62 108 1.0
62 107 1.0
62 104 1.0
62 102 1.0
62 99 1.0
62 96 1.0
62 93 1.0
62 91 1.0
62 90 1.0
62 88 1.0
62 87 1.0
62 85 1.0
62 83 1.0
62 181 1.0
62 169 1.0
62 157 1.0
62 152 1.0
62 148 1.0
62 146 1.0
62 144 1.0
62 142 1.0
63 77 1.0
63 73 1.0
63 64 1.0
63 120 1.0
63 118 1.0
63 117 1.0
63 114 1.0
63 112 1.0
63 111 1.0
63 109 1.0
63 108 1.0
63 107 1.0
63 104 1.0
63 102 1.0
63 99 1.0
63 96 1.0
63 93 1.0
63 91 1.0
63 90 1.0
63 88 1.0
63 87 1.0
63 85 1.0
63 83 1.0
63 181 1.0
63 169 1.0
63 157 1.0
63 152 1.0
63 148 1.0
63 146 1.0
63 144 1.0
63 142 1.0
64 77 1.0
64 73 1.0
64 120 1.0
64 118 1.0
64 117 1.0
64 114 1.0
64 112 1.0
64 111 1.0
64 109 1.0
64 108 1.0
64 107 1.0
64 104 1.0
64 102 1.0
64 99 1.0
64 96 1.0
64 93 1.0
64 91 1.0
64 90 1.0
64 88 1.0
64 87 1.0
64 85 1.0
64 83 1.0
64 181 1.0
64 169 1.0
64 157 1.0
64 152 1.0
64 148 1.0
64 146 1.0
64 144 1.0
64 142 1.0
65 75 1.0
65 74 1.0
65 71 1.0
65 68 1.0
65 67 1.0
65 80 1.0
65 131 1.0
65 130 1.0
65 129 1.0
65 128 1.0
65 127 1.0
65 126 1.0
65 125 1.0
65 121 1.0
65 178 1.0
65 177 1.0
65 176 1.0
65 174 1.0
65 173 1.0
65 136 1.0
65 135 1.0
65 166 1.0
65 165 1.0
65 164 1.0
65 163 1.0
65 162 1.0
65 161 1.0
65 160 1.0
65 139 1.0
65 138 1.0
65 137 1.0
65 154 1.0
65 153 1.0
65 151 1.0
65 150 1.0
65 149 1.0
65 147 1.0
65 145 1.0
67 75 1.0
67 74 1.0
67 71 1.0
67 68 1.0
67 80 1.0
67 131 1.0
67 130 1.0
67 129 1.0
67 128 1.0
67 127 1.0
67 126 1.0
67 125 1.0
67 121 1.0
67 178 1.0
67 177 1.0
67 176 1.0
67 174 1.0
67 173 1.0
67 136 1.0
67 135 1.0
67 166 1.0
67 165 1.0
67 164 1.0
67 163 1.0
67 162 1.0
67 161 1.0
67 160 1.0
67 139 1.0
67 138 1.0
67 137 1.0
67 154 1.0
67 153 1.0
67 151 1.0
67 150 1.0
67 149 1.0
67 147 1.0
67 145 1.0
71 75 1.0
71 74 1.0
71 80 1.0
71 131 1.0
71 130 1.0
71 129 1.0
71 128 1.0
71 127 1.0
71 126 1.0
71 125 1.0
71 121 1.0
71 178 1.0
71 177 1.0
71 176 1.0
71 174 1.0
71 173 1.0
71 136 1.0
71 135 1.0
71 166 1.0
71 165 1.0
71 164 1.0
71 163 1.0
71 162 1.0
71 161 1.0
71 160 1.0
71 139 1.0
71 138 1.0
71 137 1.0
71 154 1.0
71 153 1.0
71 151 1.0
71 150 1.0
71 149 1.0
71 147 1.0
71 145 1.0
73 77 1.0
73 120 1.0
73 118 1.0
73 117 1.0
73 114 1.0
73 112 1.0
73 111 1.0
73 109 1.0
73 108 1.0
73 107 1.0
73 104 1.0
73 102 1.0
73 99 1.0
73 96 1.0
73 93 1.0
73 91 1.0
73 90 1.0
73 88 1.0
73 87 1.0
73 85 1.0
73 83 1.0
74 75 1.0
74 80 1.0
74 131 1.0
74 130 1.0
74 129 1.0
74 128 1.0
74 127 1.0
74 126 1.0
74 125 1.0
74 121 1.0
74 178 1.0
74 177 1.0
74 176 1.0
74 174 1.0
74 173 1.0
74 136 1.0
74 135 1.0
74 166 1.0
74 165 1.0
74 164 1.0
74 163 1.0
74 162 1.0
74 161 1.0
74 160 1.0
74 139 1.0
74 138 1.0
74 137 1.0
74 154 1.0
74 153 1.0
74 151 1.0
74 150 1.0
74 149 1.0
74 147 1.0
74 145 1.0
75 80 1.0
75 131 1.0
75 130 1.0
75 129 1.0
75 128 1.0
75 127 1.0
75 126 1.0
75 125 1.0
75 121 1.0
75 178 1.0
75 177 1.0
75 176 1.0
75 174 1.0
75 173 1.0
75 136 1.0
75 135 1.0
75 166 1.0
75 165 1.0
75 164 1.0
75 163 1.0
75 162 1.0
75 161 1.0
75 160 1.0
75 139 1.0
75 138 1.0
75 137 1.0
75 154 1.0
75 153 1.0
75 151 1.0
75 150 1.0
75 149 1.0
75 147 1.0
75 145 1.0
80 131 1.0
80 130 1.0
80 129 1.0
80 128 1.0
80 127 1.0
80 126 1.0
80 125 1.0
80 121 1.0
80 178 1.0
80 177 1.0
80 176 1.0
80 174 1.0
80 173 1.0
80 136 1.0
80 135 1.0
80 166 1.0
80 165 1.0
80 164 1.0
80 163 1.0
80 162 1.0
80 161 1.0
80 160 1.0
80 139 1.0
80 138 1.0
80 137 1.0
80 154 1.0
80 153 1.0
80 151 1.0
80 150 1.0
80 149 1.0
80 147 1.0
80 145 1.0
83 120 1.0
83 118 1.0
83 117 1.0
83 114 1.0
83 112 1.0
83 111 1.0
83 109 1.0
83 108 1.0
83 107 1.0
83 104 1.0
83 102 1.0
83 99 1.0
83 96 1.0
83 93 1.0
83 91 1.0
83 90 1.0
83 88 1.0
83 87 1.0
83 85 1.0
83 181 1.0
83 169 1.0
83 157 1.0
83 152 1.0
83 148 1.0
83 146 1.0
83 144 1.0
83 142 1.0
85 120 1.0
85 118 1.0
85 117 1.0
85 114 1.0
85 112 1.0
85 111 1.0
85 109 1.0
85 108 1.0
85 107 1.0
85 104 1.0
85 102 1.0
85 99 1.0
85 96 1.0
85 93 1.0
85 91 1.0
85 90 1.0
85 88 1.0
85 87 1.0
85 181 1.0
85 169 1.0
85 157 1.0
85 152 1.0
85 148 1.0
85 146 1.0
85 144 1.0
85 142 1.0
87 120 1.0
87 118 1.0
87 117 1.0
87 114 1.0
87 112 1.0
87 111 1.0
87 109 1.0
87 108 1.0
87 107 1.0
87 104 1.0
87 102 1.0
87 99 1.0
87 96 1.0
87 93 1.0
87 91 1.0
87 90 1.0
87 88 1.0
87 181 1.0
87 169 1.0
87 157 1.0
87 152 1.0
87 148 1.0
87 146 1.0
87 144 1.0
87 142 1.0
88 120 1.0
88 118 1.0
88 117 1.0
88 114 1.0
88 112 1.0
88 111 1.0
88 109 1.0
88 108 1.0
88 107 1.0
88 104 1.0
88 102 1.0
88 99 1.0
88 96 1.0
88 93 1.0
88 91 1.0
88 90 1.0
88 181 1.0
88 169 1.0
88 157 1.0
88 152 1.0
88 148 1.0
88 146 1.0
88 144 1.0
88 142 1.0
91 120 1.0
91 118 1.0
91 117 1.0
91 114 1.0
91 112 1.0
91 111 1.0
91 109 1.0
91 108 1.0
91 107 1.0
91 104 1.0
91 102 1.0
91 99 1.0
91 96 1.0
91 93 1.0
91 181 1.0
91 169 1.0
91 157 1.0
91 152 1.0
91 148 1.0
91 146 1.0
91 144 1.0
91 142 1.0
93 108 1.0
93 107 1.0
93 104 1.0
93 102 1.0
93 99 1.0
93 96 1.0
96 111 1.0
96 109 1.0
96 108 1.0
96 107 1.0
96 104 1.0
96 102 1.0
96 99 1.0
99 120 1.0
99 118 1.0
99 117 1.0
99 114 1.0
99 112 1.0
99 111 1.0
99 109 1.0
99 108 1.0
99 107 1.0
99 104 1.0
99 102 1.0
99 181 1.0
99 169 1.0
99 157 1.0
99 152 1.0
99 148 1.0
99 146 1.0
99 144 1.0
99 142 1.0
102 107 1.0
102 104 1.0
104 120 1.0
104 118 1.0
104 117 1.0
104 114 1.0
104 112 1.0
104 111 1.0
104 109 1.0
104 108 1.0
104 107 1.0
104 181 1.0
104 169 1.0
104 157 1.0
104 152 1.0
104 148 1.0
104 146 1.0
104 144 1.0
104 142 1.0
107 120 1.0
107 118 1.0
107 117 1.0
107 114 1.0
107 112 1.0
107 111 1.0
107 109 1.0
107 108 1.0
107 181 1.0
107 169 1.0
107 157 1.0
107 152 1.0
107 148 1.0
107 146 1.0
107 144 1.0
107 142 1.0
108 114 1.0
108 112 1.0
108 111 1.0
108 109 1.0
109 118 1.0
109 117 1.0
109 114 1.0
109 112 1.0
109 111 1.0
111 120 1.0
111 118 1.0
111 117 1.0
111 114 1.0
111 112 1.0
111 181 1.0
111 169 1.0
111 157 1.0
111 152 1.0
111 148 1.0
111 146 1.0
111 144 1.0
111 142 1.0
112 120 1.0
112 118 1.0
112 117 1.0
112 114 1.0
112 181 1.0
112 169 1.0
112 157 1.0
112 152 1.0
112 148 1.0
112 146 1.0
112 144 1.0
112 142 1.0
114 120 1.0
114 118 1.0
114 117 1.0
114 181 1.0
114 169 1.0
114 157 1.0
114 152 1.0
114 148 1.0
114 146 1.0
114 144 1.0
114 142 1.0
117 120 1.0
117 118 1.0
117 181 1.0
117 169 1.0
117 157 1.0
117 152 1.0
117 148 1.0
117 146 1.0
117 144 1.0
117 142 1.0
118 120 1.0
118 181 1.0
118 169 1.0
118 157 1.0
118 152 1.0
118 148 1.0
118 146 1.0
118 144 1.0
118 142 1.0
120 181 1.0
120 169 1.0
120 157 1.0
120 152 1.0
120 148 1.0
120 146 1.0
120 144 1.0
120 142 1.0
131 178 1.0
131 177 1.0
131 176 1.0
131 174 1.0
131 173 1.0
137 138 1.0
144 152 1.0
144 148 1.0
144 146 1.0
145 150 1.0
145 149 1.0
145 147 1.0
147 149 1.0
151 153 1.0
160 163 1.0
160 162 1.0
160 161 1.0
161 162 1.0
164 165 1.0
184 189 1.0
184 187 1.0
187 189 1.0
187 195 1.0
189 195 1.0