1 2 1.0
1 4 1.0
1 7 1.0
1 9 1.0
1 13 1.0
1 15 1.0
1 18 1.0
1 20 1.0
1 25 1.0
1 27 1.0
1 30 1.0
1 32 1.0
1 36 1.0
1 38 1.0
1 41 1.0
1 43 1.0
1 49 1.0
1 51 1.0
1 54 1.0
1 56 1.0
1 60 1.0
1 62 1.0
1 65 1.0
1 67 1.0
1 72 1.0
1 74 1.0
1 77 1.0
1 79 1.0
1 83 1.0
1 85 1.0
1 88 1.0
1 90 1.0
1 97 1.0
1 99 1.0
1 102 1.0
1 104 1.0
1 108 1.0
1 110 1.0
1 113 1.0
1 115 1.0
1 120 1.0
1 122 1.0
1 125 1.0
1 127 1.0
1 131 1.0
1 133 1.0
1 136 1.0
1 138 1.0
1 144 1.0
1 146 1.0
1 149 1.0
1 151 1.0
1 155 1.0
1 157 1.0
1 160 1.0
1 162 1.0
1 167 1.0
1 169 1.0
1 172 1.0
1 174 1.0
1 178 1.0
1 180 1.0
1 183 1.0
1 185 1.0
2 3 1.0
2 6 1.0
2 8 1.0
2 12 1.0
2 14 1.0
2 17 1.0
2 19 1.0
2 24 1.0
2 26 1.0
2 29 1.0
2 31 1.0
2 35 1.0
2 37 1.0
2 40 1.0
2 42 1.0
2 48 1.0
2 50 1.0
2 53 1.0
2 55 1.0
2 59 1.0
2 61 1.0
2 64 1.0
2 66 1.0
2 71 1.0
2 73 1.0
2 76 1.0
2 78 1.0
2 82 1.0
2 84 1.0
2 87 1.0
2 89 1.0
2 96 1.0
2 98 1.0
2 101 1.0
2 103 1.0
2 107 1.0
2 109 1.0
2 112 1.0
2 114 1.0
2 119 1.0
2 121 1.0
2 124 1.0
2 126 1.0
2 130 1.0
2 132 1.0
2 135 1.0
2 137 1.0
2 143 1.0
2 145 1.0
2 148 1.0
2 150 1.0
2 154 1.0
2 156 1.0
2 159 1.0
2 161 1.0
2 166 1.0
2 168 1.0
2 171 1.0
2 173 1.0
2 177 1.0
2 179 1.0
2 182 1.0
2 184 1.0
3 5 1.0
3 7 1.0
3 10 1.0
3 13 1.0
3 16 1.0
3 18 1.0
3 21 1.0
3 25 1.0
3 28 1.0
3 30 1.0
3 33 1.0
3 36 1.0
3 39 1.0
3 41 1.0
3 44 1.0
3 49 1.0
3 52 1.0
3 54 1.0
3 57 1.0
3 60 1.0
3 63 1.0
3 65 1.0
3 68 1.0
3 72 1.0
3 75 1.0
3 77 1.0
3 80 1.0
3 83 1.0
3 86 1.0
3 88 1.0
3 91 1.0
3 97 1.0
3 100 1.0
3 102 1.0
3 105 1.0
3 108 1.0
3 111 1.0
3 113 1.0
3 116 1.0
3 120 1.0
3 123 1.0
3 125 1.0
3 128 1.0
3 131 1.0
3 134 1.0
3 136 1.0
3 139 1.0
3 144 1.0
3 147 1.0
3 149 1.0
3 152 1.0
3 155 1.0
3 158 1.0
3 160 1.0
3 163 1.0
3 167 1.0
3 170 1.0
3 172 1.0
3 175 1.0
3 178 1.0
3 181 1.0
3 183 1.0
3 186 1.0
4 5 1.0
4 6 1.0
4 10 1.0
4 12 1.0
4 16 1.0
4 17 1.0
4 21 1.0
4 24 1.0
4 28 1.0
4 29 1.0
4 33 1.0
4 35 1.0
4 39 1.0
4 40 1.0
4 44 1.0
4 48 1.0
4 52 1.0
4 53 1.0
4 57 1.0
4 59 1.0
4 63 1.0
4 64 1.0
4 68 1.0
4 71 1.0
4 75 1.0
4 76 1.0
4 80 1.0
4 82 1.0
4 86 1.0
4 87 1.0
4 91 1.0
4 96 1.0
4 100 1.0
4 101 1.0
4 105 1.0
4 107 1.0
4 111 1.0
4 112 1.0
4 116 1.0
4 119 1.0
4 123 1.0
4 124 1.0
4 128 1.0
4 130 1.0
4 134 1.0
4 135 1.0
4 139 1.0
4 143 1.0
4 147 1.0
4 148 1.0
4 152 1.0
4 154 1.0
4 158 1.0
4 159 1.0
4 163 1.0
4 166 1.0
4 170 1.0
4 171 1.0
4 175 1.0
4 177 1.0
4 181 1.0
4 182 1.0
4 186 1.0
5 8 1.0
5 9 1.0
5 14 1.0
5 15 1.0
5 19 1.0
5 20 1.0
5 26 1.0
5 27 1.0
5 31 1.0
5 32 1.0
5 37 1.0
5 38 1.0
5 42 1.0
5 43 1.0
5 50 1.0
5 51 1.0
5 55 1.0
5 56 1.0
5 61 1.0
5 62 1.0
5 66 1.0
5 67 1.0
5 73 1.0
5 74 1.0
5 78 1.0
5 79 1.0
5 84 1.0
5 85 1.0
5 89 1.0
5 90 1.0
5 98 1.0
5 99 1.0
5 103 1.0
5 104 1.0
5 109 1.0
5 110 1.0
5 114 1.0
5 115 1.0
5 121 1.0
5 122 1.0
5 126 1.0
5 127 1.0
5 132 1.0
5 133 1.0
5 137 1.0
5 138 1.0
5 145 1.0
5 146 1.0
5 150 1.0
5 151 1.0
5 156 1.0
5 157 1.0
5 161 1.0
5 162 1.0
5 168 1.0
5 169 1.0
5 173 1.0
5 174 1.0
5 179 1.0
5 180 1.0
5 184 1.0
5 185 1.0
6 11 1.0
6 13 1.0
6 15 1.0
6 22 1.0
6 25 1.0
6 27 1.0
6 34 1.0
6 36 1.0
6 38 1.0
6 45 1.0
6 49 1.0
6 51 1.0
6 58 1.0
6 60 1.0
6 62 1.0
6 69 1.0
6 72 1.0
6 74 1.0
6 81 1.0
6 83 1.0
6 85 1.0
6 92 1.0
6 97 1.0
6 99 1.0
6 106 1.0
6 108 1.0
6 110 1.0
6 117 1.0
6 120 1.0
6 122 1.0
6 129 1.0
6 131 1.0
6 133 1.0
6 140 1.0
6 144 1.0
6 146 1.0
6 153 1.0
6 155 1.0
6 157 1.0
6 164 1.0
6 167 1.0
6 169 1.0
6 176 1.0
6 178 1.0
6 180 1.0
6 187 1.0
7 11 1.0
7 12 1.0
7 14 1.0
7 22 1.0
7 24 1.0
7 26 1.0
7 34 1.0
7 35 1.0
7 37 1.0
7 45 1.0
7 48 1.0
7 50 1.0
7 58 1.0
7 59 1.0
7 61 1.0
7 69 1.0
7 71 1.0
7 73 1.0
7 81 1.0
7 82 1.0
7 84 1.0
7 92 1.0
7 96 1.0
7 98 1.0
7 106 1.0
7 107 1.0
7 109 1.0
7 117 1.0
7 119 1.0
7 121 1.0
7 129 1.0
7 130 1.0
7 132 1.0
7 140 1.0
7 143 1.0
7 145 1.0
7 153 1.0
7 154 1.0
7 156 1.0
7 164 1.0
7 166 1.0
7 168 1.0
7 176 1.0
7 177 1.0
7 179 1.0
7 187 1.0
8 11 1.0
8 13 1.0
8 16 1.0
8 22 1.0
8 25 1.0
8 28 1.0
8 34 1.0
8 36 1.0
8 39 1.0
8 45 1.0
8 49 1.0
8 52 1.0
8 58 1.0
8 60 1.0
8 63 1.0
8 69 1.0
8 72 1.0
8 75 1.0
8 81 1.0
8 83 1.0
8 86 1.0
8 92 1.0
8 97 1.0
8 100 1.0
8 106 1.0
8 108 1.0
8 111 1.0
8 117 1.0
8 120 1.0
8 123 1.0
8 129 1.0
8 131 1.0
8 134 1.0
8 140 1.0
8 144 1.0
8 147 1.0
8 153 1.0
8 155 1.0
8 158 1.0
8 164 1.0
8 167 1.0
8 170 1.0
8 176 1.0
8 178 1.0
8 181 1.0
8 187 1.0
9 11 1.0
9 12 1.0
9 16 1.0
9 22 1.0
9 24 1.0
9 28 1.0
9 34 1.0
9 35 1.0
9 39 1.0
9 45 1.0
9 48 1.0
9 52 1.0
9 58 1.0
9 59 1.0
9 63 1.0
9 69 1.0
9 71 1.0
9 75 1.0
9 81 1.0
9 82 1.0
9 86 1.0
9 92 1.0
9 96 1.0
9 100 1.0
9 106 1.0
9 107 1.0
9 111 1.0
9 117 1.0
9 119 1.0
9 123 1.0
9 129 1.0
9 130 1.0
9 134 1.0
9 140 1.0
9 143 1.0
9 147 1.0
9 153 1.0
9 154 1.0
9 158 1.0
9 164 1.0
9 166 1.0
9 170 1.0
9 176 1.0
9 177 1.0
9 181 1.0
9 187 1.0
10 11 1.0
10 14 1.0
10 15 1.0
10 22 1.0
10 26 1.0
10 27 1.0
10 34 1.0
10 37 1.0
10 38 1.0
10 45 1.0
10 50 1.0
10 51 1.0
10 58 1.0
10 61 1.0
10 62 1.0
10 69 1.0
10 73 1.0
10 74 1.0
10 81 1.0
10 84 1.0
10 85 1.0
10 92 1.0
10 98 1.0
10 99 1.0
10 106 1.0
10 109 1.0
10 110 1.0
10 117 1.0
10 121 1.0
10 122 1.0
10 129 1.0
10 132 1.0
10 133 1.0
10 140 1.0
10 145 1.0
10 146 1.0
10 153 1.0
10 156 1.0
10 157 1.0
10 164 1.0
10 168 1.0
10 169 1.0
10 176 1.0
10 179 1.0
10 180 1.0
10 187 1.0
11 17 1.0
11 18 1.0
11 19 1.0
11 20 1.0
11 21 1.0
11 29 1.0
11 30 1.0
11 31 1.0
11 32 1.0
11 33 1.0
11 40 1.0
11 41 1.0
11 42 1.0
11 43 1.0
11 44 1.0
11 53 1.0
11 54 1.0
11 55 1.0
11 56 1.0
11 57 1.0
11 64 1.0
11 65 1.0
11 66 1.0
11 67 1.0
11 68 1.0
11 76 1.0
11 77 1.0
11 78 1.0
11 79 1.0
11 80 1.0
11 87 1.0
11 88 1.0
11 89 1.0
11 90 1.0
11 91 1.0
11 101 1.0
11 102 1.0
11 103 1.0
11 104 1.0
11 105 1.0
11 112 1.0
11 113 1.0
11 114 1.0
11 115 1.0
11 116 1.0
11 124 1.0
11 125 1.0
11 126 1.0
11 127 1.0
11 128 1.0
11 135 1.0
11 136 1.0
11 137 1.0
11 138 1.0
11 139 1.0
11 148 1.0
11 149 1.0
11 150 1.0
11 151 1.0
11 152 1.0
11 159 1.0
11 160 1.0
11 161 1.0
11 162 1.0
11 163 1.0
11 171 1.0
11 172 1.0
11 173 1.0
11 174 1.0
11 175 1.0
11 182 1.0
11 183 1.0
11 184 1.0
11 185 1.0
11 186 1.0
12 23 1.0
12 25 1.0
12 27 1.0
12 30 1.0
12 32 1.0
12 46 1.0
12 49 1.0
12 51 1.0
12 54 1.0
12 56 1.0
12 70 1.0
12 72 1.0
12 74 1.0
12 77 1.0
12 79 1.0
12 93 1.0
12 97 1.0
12 99 1.0
12 102 1.0
12 104 1.0
12 118 1.0
12 120 1.0
12 122 1.0
12 125 1.0
12 127 1.0
12 141 1.0
12 144 1.0
12 146 1.0
12 149 1.0
12 151 1.0
12 165 1.0
12 167 1.0
12 169 1.0
12 172 1.0
12 174 1.0
12 188 1.0
13 23 1.0
13 24 1.0
13 26 1.0
13 29 1.0
13 31 1.0
13 46 1.0
13 48 1.0
13 50 1.0
13 53 1.0
13 55 1.0
13 70 1.0
13 71 1.0
13 73 1.0
13 76 1.0
13 78 1.0
13 93 1.0
13 96 1.0
13 98 1.0
13 101 1.0
13 103 1.0
13 118 1.0
13 119 1.0
13 121 1.0
13 124 1.0
13 126 1.0
13 141 1.0
13 143 1.0
13 145 1.0
13 148 1.0
13 150 1.0
13 165 1.0
13 166 1.0
13 168 1.0
13 171 1.0
13 173 1.0
13 188 1.0
14 23 1.0
14 25 1.0
14 28 1.0
14 30 1.0
14 33 1.0
14 46 1.0
14 49 1.0
14 52 1.0
14 54 1.0
14 57 1.0
14 70 1.0
14 72 1.0
14 75 1.0
14 77 1.0
14 80 1.0
14 93 1.0
14 97 1.0
14 100 1.0
14 102 1.0
14 105 1.0
14 118 1.0
14 120 1.0
14 123 1.0
14 125 1.0
14 128 1.0
14 141 1.0
14 144 1.0
14 147 1.0
14 149 1.0
14 152 1.0
14 165 1.0
14 167 1.0
14 170 1.0
14 172 1.0
14 175 1.0
14 188 1.0
15 23 1.0
15 24 1.0
15 28 1.0
15 29 1.0
15 33 1.0
15 46 1.0
15 48 1.0
15 52 1.0
15 53 1.0
15 57 1.0
15 70 1.0
15 71 1.0
15 75 1.0
15 76 1.0
15 80 1.0
15 93 1.0
15 96 1.0
15 100 1.0
15 101 1.0
15 105 1.0
15 118 1.0
15 119 1.0
15 123 1.0
15 124 1.0
15 128 1.0
15 141 1.0
15 143 1.0
15 147 1.0
15 148 1.0
15 152 1.0
15 165 1.0
15 166 1.0
15 170 1.0
15 171 1.0
15 175 1.0
15 188 1.0
16 23 1.0
16 26 1.0
16 27 1.0
16 31 1.0
16 32 1.0
16 46 1.0
16 50 1.0
16 51 1.0
16 55 1.0
16 56 1.0
16 70 1.0
16 73 1.0
16 74 1.0
16 78 1.0
16 79 1.0
16 93 1.0
16 98 1.0
16 99 1.0
16 103 1.0
16 104 1.0
16 118 1.0
16 121 1.0
16 122 1.0
16 126 1.0
16 127 1.0
16 141 1.0
16 145 1.0
16 146 1.0
16 150 1.0
16 151 1.0
16 165 1.0
16 168 1.0
16 169 1.0
16 173 1.0
16 174 1.0
16 188 1.0
17 23 1.0
17 25 1.0
17 27 1.0
17 34 1.0
17 46 1.0
17 49 1.0
17 51 1.0
17 58 1.0
17 70 1.0
17 72 1.0
17 74 1.0
17 81 1.0
17 93 1.0
17 97 1.0
17 99 1.0
17 106 1.0
17 118 1.0
17 120 1.0
17 122 1.0
17 129 1.0
17 141 1.0
17 144 1.0
17 146 1.0
17 153 1.0
17 165 1.0
17 167 1.0
17 169 1.0
17 176 1.0
17 188 1.0
18 23 1.0
18 24 1.0
18 26 1.0
18 34 1.0
18 46 1.0
18 48 1.0
18 50 1.0
18 58 1.0
18 70 1.0
18 71 1.0
18 73 1.0
18 81 1.0
18 93 1.0
18 96 1.0
18 98 1.0
18 106 1.0
18 118 1.0
18 119 1.0
18 121 1.0
18 129 1.0
18 141 1.0
18 143 1.0
18 145 1.0
18 153 1.0
18 165 1.0
18 166 1.0
18 168 1.0
18 176 1.0
18 188 1.0
19 23 1.0
19 25 1.0
19 28 1.0
19 34 1.0
19 46 1.0
19 49 1.0
19 52 1.0
19 58 1.0
19 70 1.0
19 72 1.0
19 75 1.0
19 81 1.0
19 93 1.0
19 97 1.0
19 100 1.0
19 106 1.0
19 118 1.0
19 120 1.0
19 123 1.0
19 129 1.0
19 141 1.0
19 144 1.0
19 147 1.0
19 153 1.0
19 165 1.0
19 167 1.0
19 170 1.0
19 176 1.0
19 188 1.0
20 23 1.0
20 24 1.0
20 28 1.0
20 34 1.0
20 46 1.0
20 48 1.0
20 52 1.0
20 58 1.0
20 70 1.0
20 71 1.0
20 75 1.0
20 81 1.0
20 93 1.0
20 96 1.0
20 100 1.0
20 106 1.0
20 118 1.0
20 119 1.0
20 123 1.0
20 129 1.0
20 141 1.0
20 143 1.0
20 147 1.0
20 153 1.0
20 165 1.0
20 166 1.0
20 170 1.0
20 176 1.0
20 188 1.0
21 23 1.0
21 26 1.0
21 27 1.0
21 34 1.0
21 46 1.0
21 50 1.0
21 51 1.0
21 58 1.0
21 70 1.0
21 73 1.0
21 74 1.0
21 81 1.0
21 93 1.0
21 98 1.0
21 99 1.0
21 106 1.0
21 118 1.0
21 121 1.0
21 122 1.0
21 129 1.0
21 141 1.0
21 145 1.0
21 146 1.0
21 153 1.0
21 165 1.0
21 168 1.0
21 169 1.0
21 176 1.0
21 188 1.0
22 23 1.0
22 29 1.0
22 30 1.0
22 31 1.0
22 32 1.0
22 33 1.0
22 46 1.0
22 53 1.0
22 54 1.0
22 55 1.0
22 56 1.0
22 57 1.0
22 70 1.0
22 76 1.0
22 77 1.0
22 78 1.0
22 79 1.0
22 80 1.0
22 93 1.0
22 101 1.0
22 102 1.0
22 103 1.0
22 104 1.0
22 105 1.0
22 118 1.0
22 124 1.0
22 125 1.0
22 126 1.0
22 127 1.0
22 128 1.0
22 141 1.0
22 148 1.0
22 149 1.0
22 150 1.0
22 151 1.0
22 152 1.0
22 165 1.0
22 171 1.0
22 172 1.0
22 173 1.0
22 174 1.0
22 175 1.0
22 188 1.0
23 35 1.0
23 36 1.0
23 37 1.0
23 38 1.0
23 39 1.0
23 40 1.0
23 41 1.0
23 42 1.0
23 43 1.0
23 44 1.0
23 45 1.0
23 59 1.0
23 60 1.0
23 61 1.0
23 62 1.0
23 63 1.0
23 64 1.0
23 65 1.0
23 66 1.0
23 67 1.0
23 68 1.0
23 69 1.0
23 82 1.0
23 83 1.0
23 84 1.0
23 85 1.0
23 86 1.0
23 87 1.0
23 88 1.0
23 89 1.0
23 90 1.0
23 91 1.0
23 92 1.0
23 107 1.0
23 108 1.0
23 109 1.0
23 110 1.0
23 111 1.0
23 112 1.0
23 113 1.0
23 114 1.0
23 115 1.0
23 116 1.0
23 117 1.0
23 130 1.0
23 131 1.0
23 132 1.0
23 133 1.0
23 134 1.0
23 135 1.0
23 136 1.0
23 137 1.0
23 138 1.0
23 139 1.0
23 140 1.0
23 154 1.0
23 155 1.0
23 156 1.0
23 157 1.0
23 158 1.0
23 159 1.0
23 160 1.0
23 161 1.0
23 162 1.0
23 163 1.0
23 164 1.0
23 177 1.0
23 178 1.0
23 179 1.0
23 180 1.0
23 181 1.0
23 182 1.0
23 183 1.0
23 184 1.0
23 185 1.0
23 186 1.0
23 187 1.0
24 47 1.0
24 49 1.0
24 51 1.0
24 54 1.0
24 56 1.0
24 60 1.0
24 62 1.0
24 65 1.0
24 67 1.0
24 94 1.0
24 97 1.0
24 99 1.0
24 102 1.0
24 104 1.0
24 108 1.0
24 110 1.0
24 113 1.0
24 115 1.0
24 142 1.0
24 144 1.0
24 146 1.0
24 149 1.0
24 151 1.0
24 155 1.0
24 157 1.0
24 160 1.0
24 162 1.0
24 189 1.0
25 47 1.0
25 48 1.0
25 50 1.0
25 53 1.0
25 55 1.0
25 59 1.0
25 61 1.0
25 64 1.0
25 66 1.0
25 94 1.0
25 96 1.0
25 98 1.0
25 101 1.0
25 103 1.0
25 107 1.0
25 109 1.0
25 112 1.0
25 114 1.0
25 142 1.0
25 143 1.0
25 145 1.0
25 148 1.0
25 150 1.0
25 154 1.0
25 156 1.0
25 159 1.0
25 161 1.0
25 189 1.0
26 47 1.0
26 49 1.0
26 52 1.0
26 54 1.0
26 57 1.0
26 60 1.0
26 63 1.0
26 65 1.0
26 68 1.0
26 94 1.0
26 97 1.0
26 100 1.0
26 102 1.0
26 105 1.0
26 108 1.0
26 111 1.0
26 113 1.0
26 116 1.0
26 142 1.0
26 144 1.0
26 147 1.0
26 149 1.0
26 152 1.0
26 155 1.0
26 158 1.0
26 160 1.0
26 163 1.0
26 189 1.0
27 47 1.0
27 48 1.0
27 52 1.0
27 53 1.0
27 57 1.0
27 59 1.0
27 63 1.0
27 64 1.0
27 68 1.0
27 94 1.0
27 96 1.0
27 100 1.0
27 101 1.0
27 105 1.0
27 107 1.0
27 111 1.0
27 112 1.0
27 116 1.0
27 142 1.0
27 143 1.0
27 147 1.0
27 148 1.0
27 152 1.0
27 154 1.0
27 158 1.0
27 159 1.0
27 163 1.0
27 189 1.0
28 47 1.0
28 50 1.0
28 51 1.0
28 55 1.0
28 56 1.0
28 61 1.0
28 62 1.0
28 66 1.0
28 67 1.0
28 94 1.0
28 98 1.0
28 99 1.0
28 103 1.0
28 104 1.0
28 109 1.0
28 110 1.0
28 114 1.0
28 115 1.0
28 142 1.0
28 145 1.0
28 146 1.0
28 150 1.0
28 151 1.0
28 156 1.0
28 157 1.0
28 161 1.0
28 162 1.0
28 189 1.0
29 47 1.0
29 49 1.0
29 51 1.0
29 58 1.0
29 60 1.0
29 62 1.0
29 69 1.0
29 94 1.0
29 97 1.0
29 99 1.0
29 106 1.0
29 108 1.0
29 110 1.0
29 117 1.0
29 142 1.0
29 144 1.0
29 146 1.0
29 153 1.0
29 155 1.0
29 157 1.0
29 164 1.0
29 189 1.0
30 47 1.0
30 48 1.0
30 50 1.0
30 58 1.0
30 59 1.0
30 61 1.0
30 69 1.0
30 94 1.0
30 96 1.0
30 98 1.0
30 106 1.0
30 107 1.0
30 109 1.0
30 117 1.0
30 142 1.0
30 143 1.0
30 145 1.0
30 153 1.0
30 154 1.0
30 156 1.0
30 164 1.0
30 189 1.0
31 47 1.0
31 49 1.0
31 52 1.0
31 58 1.0
31 60 1.0
31 63 1.0
31 69 1.0
31 94 1.0
31 97 1.0
31 100 1.0
31 106 1.0
31 108 1.0
31 111 1.0
31 117 1.0
31 142 1.0
31 144 1.0
31 147 1.0
31 153 1.0
31 155 1.0
31 158 1.0
31 164 1.0
31 189 1.0
32 47 1.0
32 48 1.0
32 52 1.0
32 58 1.0
32 59 1.0
32 63 1.0
32 69 1.0
32 94 1.0
32 96 1.0
32 100 1.0
32 106 1.0
32 107 1.0
32 111 1.0
32 117 1.0
32 142 1.0
32 143 1.0
32 147 1.0
32 153 1.0
32 154 1.0
32 158 1.0
32 164 1.0
32 189 1.0
33 47 1.0
33 50 1.0
33 51 1.0
33 58 1.0
33 61 1.0
33 62 1.0
33 69 1.0
33 94 1.0
33 98 1.0
33 99 1.0
33 106 1.0
33 109 1.0
33 110 1.0
33 117 1.0
33 142 1.0
33 145 1.0
33 146 1.0
33 153 1.0
33 156 1.0
33 157 1.0
33 164 1.0
33 189 1.0
34 47 1.0
34 53 1.0
34 54 1.0
34 55 1.0
34 56 1.0
34 57 1.0
34 64 1.0
34 65 1.0
34 66 1.0
34 67 1.0
34 68 1.0
34 94 1.0
34 101 1.0
34 102 1.0
34 103 1.0
34 104 1.0
34 105 1.0
34 112 1.0
34 113 1.0
34 114 1.0
34 115 1.0
34 116 1.0
34 142 1.0
34 148 1.0
34 149 1.0
34 150 1.0
34 151 1.0
34 152 1.0
34 159 1.0
34 160 1.0
34 161 1.0
34 162 1.0
34 163 1.0
34 189 1.0
35 47 1.0
35 49 1.0
35 51 1.0
35 54 1.0
35 56 1.0
35 70 1.0
35 94 1.0
35 97 1.0
35 99 1.0
35 102 1.0
35 104 1.0
35 118 1.0
35 142 1.0
35 144 1.0
35 146 1.0
35 149 1.0
35 151 1.0
35 165 1.0
35 189 1.0
36 47 1.0
36 48 1.0
36 50 1.0
36 53 1.0
36 55 1.0
36 70 1.0
36 94 1.0
36 96 1.0
36 98 1.0
36 101 1.0
36 103 1.0
36 118 1.0
36 142 1.0
36 143 1.0
36 145 1.0
36 148 1.0
36 150 1.0
36 165 1.0
36 189 1.0
37 47 1.0
37 49 1.0
37 52 1.0
37 54 1.0
37 57 1.0
37 70 1.0
37 94 1.0
37 97 1.0
37 100 1.0
37 102 1.0
37 105 1.0
37 118 1.0
37 142 1.0
37 144 1.0
37 147 1.0
37 149 1.0
37 152 1.0
37 165 1.0
37 189 1.0
38 47 1.0
38 48 1.0
38 52 1.0
38 53 1.0
38 57 1.0
38 70 1.0
38 94 1.0
38 96 1.0
38 100 1.0
38 101 1.0
38 105 1.0
38 118 1.0
38 142 1.0
38 143 1.0
38 147 1.0
38 148 1.0
38 152 1.0
38 165 1.0
38 189 1.0
39 47 1.0
39 50 1.0
39 51 1.0
39 55 1.0
39 56 1.0
39 70 1.0
39 94 1.0
39 98 1.0
39 99 1.0
39 103 1.0
39 104 1.0
39 118 1.0
39 142 1.0
39 145 1.0
39 146 1.0
39 150 1.0
39 151 1.0
39 165 1.0
39 189 1.0
40 47 1.0
40 49 1.0
40 51 1.0
40 58 1.0
40 70 1.0
40 94 1.0
40 97 1.0
40 99 1.0
40 106 1.0
40 118 1.0
40 142 1.0
40 144 1.0
40 146 1.0
40 153 1.0
40 165 1.0
40 189 1.0
41 47 1.0
41 48 1.0
41 50 1.0
41 58 1.0
41 70 1.0
41 94 1.0
41 96 1.0
41 98 1.0
41 106 1.0
41 118 1.0
41 142 1.0
41 143 1.0
41 145 1.0
41 153 1.0
41 165 1.0
41 189 1.0
42 47 1.0
42 49 1.0
42 52 1.0
42 58 1.0
42 70 1.0
42 94 1.0
42 97 1.0
42 100 1.0
42 106 1.0
42 118 1.0
42 142 1.0
42 144 1.0
42 147 1.0
42 153 1.0
42 165 1.0
42 189 1.0
43 47 1.0
43 48 1.0
43 52 1.0
43 58 1.0
43 70 1.0
43 94 1.0
43 96 1.0
43 100 1.0
43 106 1.0
43 118 1.0
43 142 1.0
43 143 1.0
43 147 1.0
43 153 1.0
43 165 1.0
43 189 1.0
44 47 1.0
44 50 1.0
44 51 1.0
44 58 1.0
44 70 1.0
44 94 1.0
44 98 1.0
44 99 1.0
44 106 1.0
44 118 1.0
44 142 1.0
44 145 1.0
44 146 1.0
44 153 1.0
44 165 1.0
44 189 1.0
45 47 1.0
45 53 1.0
45 54 1.0
45 55 1.0
45 56 1.0
45 57 1.0
45 70 1.0
45 94 1.0
45 101 1.0
45 102 1.0
45 103 1.0
45 104 1.0
45 105 1.0
45 118 1.0
45 142 1.0
45 148 1.0
45 149 1.0
45 150 1.0
45 151 1.0
45 152 1.0
45 165 1.0
45 189 1.0
46 47 1.0
46 59 1.0
46 60 1.0
46 61 1.0
46 62 1.0
46 63 1.0
46 64 1.0
46 65 1.0
46 66 1.0
46 67 1.0
46 68 1.0
46 69 1.0
46 94 1.0
46 107 1.0
46 108 1.0
46 109 1.0
46 110 1.0
46 111 1.0
46 112 1.0
46 113 1.0
46 114 1.0
46 115 1.0
46 116 1.0
46 117 1.0
46 142 1.0
46 154 1.0
46 155 1.0
46 156 1.0
46 157 1.0
46 158 1.0
46 159 1.0
46 160 1.0
46 161 1.0
46 162 1.0
46 163 1.0
46 164 1.0
46 189 1.0
47 71 1.0
47 72 1.0
47 73 1.0
47 74 1.0
47 75 1.0
47 76 1.0
47 77 1.0
47 78 1.0
47 79 1.0
47 80 1.0
47 81 1.0
47 82 1.0
47 83 1.0
47 84 1.0
47 85 1.0
47 86 1.0
47 87 1.0
47 88 1.0
47 89 1.0
47 90 1.0
47 91 1.0
47 92 1.0
47 93 1.0
47 119 1.0
47 120 1.0
47 121 1.0
47 122 1.0
47 123 1.0
47 124 1.0
47 125 1.0
47 126 1.0
47 127 1.0
47 128 1.0
47 129 1.0
47 130 1.0
47 131 1.0
47 132 1.0
47 133 1.0
47 134 1.0
47 135 1.0
47 136 1.0
47 137 1.0
47 138 1.0
47 139 1.0
47 140 1.0
47 141 1.0
47 166 1.0
47 167 1.0
47 168 1.0
47 169 1.0
47 170 1.0
47 171 1.0
47 172 1.0
47 173 1.0
47 174 1.0
47 175 1.0
47 176 1.0
47 177 1.0
47 178 1.0
47 179 1.0
47 180 1.0
47 181 1.0
47 182 1.0
47 183 1.0
47 184 1.0
47 185 1.0
47 186 1.0
47 187 1.0
47 188 1.0
48 95 1.0
48 97 1.0
48 99 1.0
48 102 1.0
48 104 1.0
48 108 1.0
48 110 1.0
48 113 1.0
48 115 1.0
48 120 1.0
48 122 1.0
48 125 1.0
48 127 1.0
48 131 1.0
48 133 1.0
48 136 1.0
48 138 1.0
48 190 1.0
49 95 1.0
49 96 1.0
49 98 1.0
49 101 1.0
49 103 1.0
49 107 1.0
49 109 1.0
49 112 1.0
49 114 1.0
49 119 1.0
49 121 1.0
49 124 1.0
49 126 1.0
49 130 1.0
49 132 1.0
49 135 1.0
49 137 1.0
49 190 1.0
50 95 1.0
50 97 1.0
50 100 1.0
50 102 1.0
50 105 1.0
50 108 1.0
50 111 1.0
50 113 1.0
50 116 1.0
50 120 1.0
50 123 1.0
50 125 1.0
50 128 1.0
50 131 1.0
50 134 1.0
50 136 1.0
50 139 1.0
50 190 1.0
51 95 1.0
51 96 1.0
51 100 1.0
51 101 1.0
51 105 1.0
51 107 1.0
51 111 1.0
51 112 1.0
51 116 1.0
51 119 1.0
51 123 1.0
51 124 1.0
51 128 1.0
51 130 1.0
51 134 1.0
51 135 1.0
51 139 1.0
51 190 1.0
52 95 1.0
52 98 1.0
52 99 1.0
52 103 1.0
52 104 1.0
52 109 1.0
52 110 1.0
52 114 1.0
52 115 1.0
52 121 1.0
52 122 1.0
52 126 1.0
52 127 1.0
52 132 1.0
52 133 1.0
52 137 1.0
52 138 1.0
52 190 1.0
53 95 1.0
53 97 1.0
53 99 1.0
53 106 1.0
53 108 1.0
53 110 1.0
53 117 1.0
53 120 1.0
53 122 1.0
53 129 1.0
53 131 1.0
53 133 1.0
53 140 1.0
53 190 1.0
54 95 1.0
54 96 1.0
54 98 1.0
54 106 1.0
54 107 1.0
54 109 1.0
54 117 1.0
54 119 1.0
54 121 1.0
54 129 1.0
54 130 1.0
54 132 1.0
54 140 1.0
54 190 1.0
55 95 1.0
55 97 1.0
55 100 1.0
55 106 1.0
55 108 1.0
55 111 1.0
55 117 1.0
55 120 1.0
55 123 1.0
55 129 1.0
55 131 1.0
55 134 1.0
55 140 1.0
55 190 1.0
56 95 1.0
56 96 1.0
56 100 1.0
56 106 1.0
56 107 1.0
56 111 1.0
56 117 1.0
56 119 1.0
56 123 1.0
56 129 1.0
56 130 1.0
56 134 1.0
56 140 1.0
56 190 1.0
57 95 1.0
57 98 1.0
57 99 1.0
57 106 1.0
57 109 1.0
57 110 1.0
57 117 1.0
57 121 1.0
57 122 1.0
57 129 1.0
57 132 1.0
57 133 1.0
57 140 1.0
57 190 1.0
58 95 1.0
58 101 1.0
58 102 1.0
58 103 1.0
58 104 1.0
58 105 1.0
58 112 1.0
58 113 1.0
58 114 1.0
58 115 1.0
58 116 1.0
58 124 1.0
58 125 1.0
58 126 1.0
58 127 1.0
58 128 1.0
58 135 1.0
58 136 1.0
58 137 1.0
58 138 1.0
58 139 1.0
58 190 1.0
59 95 1.0
59 97 1.0
59 99 1.0
59 102 1.0
59 104 1.0
59 118 1.0
59 120 1.0
59 122 1.0
59 125 1.0
59 127 1.0
59 141 1.0
59 190 1.0
60 95 1.0
60 96 1.0
60 98 1.0
60 101 1.0
60 103 1.0
60 118 1.0
60 119 1.0
60 121 1.0
60 124 1.0
60 126 1.0
60 141 1.0
60 190 1.0
61 95 1.0
61 97 1.0
61 100 1.0
61 102 1.0
61 105 1.0
61 118 1.0
61 120 1.0
61 123 1.0
61 125 1.0
61 128 1.0
61 141 1.0
61 190 1.0
62 95 1.0
62 96 1.0
62 100 1.0
62 101 1.0
62 105 1.0
62 118 1.0
62 119 1.0
62 123 1.0
62 124 1.0
62 128 1.0
62 141 1.0
62 190 1.0
63 95 1.0
63 98 1.0
63 99 1.0
63 103 1.0
63 104 1.0
63 118 1.0
63 121 1.0
63 122 1.0
63 126 1.0
63 127 1.0
63 141 1.0
63 190 1.0
64 95 1.0
64 97 1.0
64 99 1.0
64 106 1.0
64 118 1.0
64 120 1.0
64 122 1.0
64 129 1.0
64 141 1.0
64 190 1.0
65 95 1.0
65 96 1.0
65 98 1.0
65 106 1.0
65 118 1.0
65 119 1.0
65 121 1.0
65 129 1.0
65 141 1.0
65 190 1.0
66 95 1.0
66 97 1.0
66 100 1.0
66 106 1.0
66 118 1.0
66 120 1.0
66 123 1.0
66 129 1.0
66 141 1.0
66 190 1.0
67 95 1.0
67 96 1.0
67 100 1.0
67 106 1.0
67 118 1.0
67 119 1.0
67 123 1.0
67 129 1.0
67 141 1.0
67 190 1.0
68 95 1.0
68 98 1.0
68 99 1.0
68 106 1.0
68 118 1.0
68 121 1.0
68 122 1.0
68 129 1.0
68 141 1.0
68 190 1.0
69 95 1.0
69 101 1.0
69 102 1.0
69 103 1.0
69 104 1.0
69 105 1.0
69 118 1.0
69 124 1.0
69 125 1.0
69 126 1.0
69 127 1.0
69 128 1.0
69 141 1.0
69 190 1.0
70 95 1.0
70 107 1.0
70 108 1.0
70 109 1.0
70 110 1.0
70 111 1.0
70 112 1.0
70 113 1.0
70 114 1.0
70 115 1.0
70 116 1.0
70 117 1.0
70 130 1.0
70 131 1.0
70 132 1.0
70 133 1.0
70 134 1.0
70 135 1.0
70 136 1.0
70 137 1.0
70 138 1.0
70 139 1.0
70 140 1.0
70 190 1.0
71 95 1.0
71 97 1.0
71 99 1.0
71 102 1.0
71 104 1.0
71 108 1.0
71 110 1.0
71 113 1.0
71 115 1.0
71 142 1.0
71 190 1.0
72 95 1.0
72 96 1.0
72 98 1.0
72 101 1.0
72 103 1.0
72 107 1.0
72 109 1.0
72 112 1.0
72 114 1.0
72 142 1.0
72 190 1.0
73 95 1.0
73 97 1.0
73 100 1.0
73 102 1.0
73 105 1.0
73 108 1.0
73 111 1.0
73 113 1.0
73 116 1.0
73 142 1.0
73 190 1.0
74 95 1.0
74 96 1.0
74 100 1.0
74 101 1.0
74 105 1.0
74 107 1.0
74 111 1.0
74 112 1.0
74 116 1.0
74 142 1.0
74 190 1.0
75 95 1.0
75 98 1.0
75 99 1.0
75 103 1.0
75 104 1.0
75 109 1.0
75 110 1.0
75 114 1.0
75 115 1.0
75 142 1.0
75 190 1.0
76 95 1.0
76 97 1.0
76 99 1.0
76 106 1.0
76 108 1.0
76 110 1.0
76 117 1.0
76 142 1.0
76 190 1.0
77 95 1.0
77 96 1.0
77 98 1.0
77 106 1.0
77 107 1.0
77 109 1.0
77 117 1.0
77 142 1.0
77 190 1.0
78 95 1.0
78 97 1.0
78 100 1.0
78 106 1.0
78 108 1.0
78 111 1.0
78 117 1.0
78 142 1.0
78 190 1.0
79 95 1.0
79 96 1.0
79 100 1.0
79 106 1.0
79 107 1.0
79 111 1.0
79 117 1.0
79 142 1.0
79 190 1.0
80 95 1.0
80 98 1.0
80 99 1.0
80 106 1.0
80 109 1.0
80 110 1.0
80 117 1.0
80 142 1.0
80 190 1.0
81 95 1.0
81 101 1.0
81 102 1.0
81 103 1.0
81 104 1.0
81 105 1.0
81 112 1.0
81 113 1.0
81 114 1.0
81 115 1.0
81 116 1.0
81 142 1.0
81 190 1.0
82 95 1.0
82 97 1.0
82 99 1.0
82 102 1.0
82 104 1.0
82 118 1.0
82 142 1.0
82 190 1.0
83 95 1.0
83 96 1.0
83 98 1.0
83 101 1.0
83 103 1.0
83 118 1.0
83 142 1.0
83 190 1.0
84 95 1.0
84 97 1.0
84 100 1.0
84 102 1.0
84 105 1.0
84 118 1.0
84 142 1.0
84 190 1.0
85 95 1.0
85 96 1.0
85 100 1.0
85 101 1.0
85 105 1.0
85 118 1.0
85 142 1.0
85 190 1.0
86 95 1.0
86 98 1.0
86 99 1.0
86 103 1.0
86 104 1.0
86 118 1.0
86 142 1.0
86 190 1.0
87 95 1.0
87 97 1.0
87 99 1.0
87 106 1.0
87 118 1.0
87 142 1.0
87 190 1.0
88 95 1.0
88 96 1.0
88 98 1.0
88 106 1.0
88 118 1.0
88 142 1.0
88 190 1.0
89 95 1.0
89 97 1.0
89 100 1.0
89 106 1.0
89 118 1.0
89 142 1.0
89 190 1.0
90 95 1.0
90 96 1.0
90 100 1.0
90 106 1.0
90 118 1.0
90 142 1.0
90 190 1.0
91 95 1.0
91 98 1.0
91 99 1.0
91 106 1.0
91 118 1.0
91 142 1.0
91 190 1.0
92 95 1.0
92 101 1.0
92 102 1.0
92 103 1.0
92 104 1.0
92 105 1.0
92 118 1.0
92 142 1.0
92 190 1.0
93 95 1.0
93 107 1.0
93 108 1.0
93 109 1.0
93 110 1.0
93 111 1.0
93 112 1.0
93 113 1.0
93 114 1.0
93 115 1.0
93 116 1.0
93 117 1.0
93 142 1.0
93 190 1.0
94 95 1.0
94 119 1.0
94 120 1.0
94 121 1.0
94 122 1.0
94 123 1.0
94 124 1.0
94 125 1.0
94 126 1.0
94 127 1.0
94 128 1.0
94 129 1.0
94 130 1.0
94 131 1.0
94 132 1.0
94 133 1.0
94 134 1.0
94 135 1.0
94 136 1.0
94 137 1.0
94 138 1.0
94 139 1.0
94 140 1.0
94 141 1.0
94 190 1.0
95 143 1.0
95 144 1.0
95 145 1.0
95 146 1.0
95 147 1.0
95 148 1.0
95 149 1.0
95 150 1.0
95 151 1.0
95 152 1.0
95 153 1.0
95 154 1.0
95 155 1.0
95 156 1.0
95 157 1.0
95 158 1.0
95 159 1.0
95 160 1.0
95 161 1.0
95 162 1.0
95 163 1.0
95 164 1.0
95 165 1.0
95 166 1.0
95 167 1.0
95 168 1.0
95 169 1.0
95 170 1.0
95 171 1.0
95 172 1.0
95 173 1.0
95 174 1.0
95 175 1.0
95 176 1.0
95 177 1.0
95 178 1.0
95 179 1.0
95 180 1.0
95 181 1.0
95 182 1.0
95 183 1.0
95 184 1.0
95 185 1.0
95 186 1.0
95 187 1.0
95 188 1.0
95 189 1.0
96 191 1.0
97 191 1.0
98 191 1.0
99 191 1.0
100 191 1.0
101 191 1.0
102 191 1.0
103 191 1.0
104 191 1.0
105 191 1.0
106 191 1.0
107 191 1.0
108 191 1.0
109 191 1.0
110 191 1.0
111 191 1.0
112 191 1.0
113 191 1.0
114 191 1.0
115 191 1.0
116 191 1.0
117 191 1.0
118 191 1.0
119 191 1.0
120 191 1.0
121 191 1.0
122 191 1.0
123 191 1.0
124 191 1.0
125 191 1.0
126 191 1.0
127 191 1.0
128 191 1.0
129 191 1.0
130 191 1.0
131 191 1.0
132 191 1.0
133 191 1.0
134 191 1.0
135 191 1.0
136 191 1.0
137 191 1.0
138 191 1.0
139 191 1.0
140 191 1.0
141 191 1.0
142 191 1.0
143 191 1.0
144 191 1.0
145 191 1.0
146 191 1.0
147 191 1.0
148 191 1.0
149 191 1.0
150 191 1.0
151 191 1.0
152 191 1.0
153 191 1.0
154 191 1.0
155 191 1.0
156 191 1.0
157 191 1.0
158 191 1.0
159 191 1.0
160 191 1.0
161 191 1.0
162 191 1.0
163 191 1.0
164 191 1.0
165 191 1.0
166 191 1.0
167 191 1.0
168 191 1.0
169 191 1.0
170 191 1.0
171 191 1.0
172 191 1.0
173 191 1.0
174 191 1.0
175 191 1.0
176 191 1.0
177 191 1.0
178 191 1.0
179 191 1.0
180 191 1.0
181 191 1.0
182 191 1.0
183 191 1.0
184 191 1.0
185 191 1.0
186 191 1.0
187 191 1.0
188 191 1.0
189 191 1.0
190 191 1.0