1 14 1.0
1 27 1.0
1 40 1.0
1 53 1.0
1 66 1.0
1 79 1.0
1 92 1.0
1 2 1.0
1 3 1.0
1 4 1.0
1 5 1.0
1 6 1.0
1 7 1.0
1 8 1.0
1 9 1.0
1 10 1.0
1 11 1.0
1 12 1.0
1 13 1.0
1 25 1.0
1 37 1.0
1 49 1.0
1 61 1.0
1 73 1.0
1 85 1.0
2 15 1.0
2 28 1.0
2 41 1.0
2 54 1.0
2 67 1.0
2 80 1.0
2 93 1.0
2 13 1.0
2 3 1.0
2 4 1.0
2 5 1.0
2 6 1.0
2 7 1.0
2 8 1.0
2 9 1.0
2 10 1.0
2 11 1.0
2 12 1.0
2 14 1.0
2 26 1.0
2 38 1.0
2 50 1.0
2 62 1.0
2 74 1.0
2 86 1.0
2 1 1.0
3 16 1.0
3 29 1.0
3 42 1.0
3 55 1.0
3 68 1.0
3 81 1.0
3 94 1.0
3 14 1.0
3 25 1.0
3 4 1.0
3 5 1.0
3 6 1.0
3 7 1.0
3 8 1.0
3 9 1.0
3 10 1.0
3 11 1.0
3 12 1.0
3 15 1.0
3 27 1.0
3 39 1.0
3 51 1.0
3 63 1.0
3 75 1.0
3 87 1.0
3 2 1.0
3 1 1.0
4 17 1.0
4 30 1.0
4 43 1.0
4 56 1.0
4 69 1.0
4 82 1.0
4 95 1.0
4 15 1.0
4 26 1.0
4 37 1.0
4 5 1.0
4 6 1.0
4 7 1.0
4 8 1.0
4 9 1.0
4 10 1.0
4 11 1.0
4 12 1.0
4 16 1.0
4 28 1.0
4 40 1.0
4 52 1.0
4 64 1.0
4 76 1.0
4 88 1.0
4 3 1.0
4 2 1.0
4 1 1.0
5 18 1.0
5 31 1.0
5 44 1.0
5 57 1.0
5 70 1.0
5 83 1.0
5 96 1.0
5 16 1.0
5 27 1.0
5 38 1.0
5 49 1.0
5 6 1.0
5 7 1.0
5 8 1.0
5 9 1.0
5 10 1.0
5 11 1.0
5 12 1.0
5 17 1.0
5 29 1.0
5 41 1.0
5 53 1.0
5 65 1.0
5 77 1.0
5 89 1.0
5 4 1.0
5 3 1.0
5 2 1.0
5 1 1.0
6 19 1.0
6 32 1.0
6 45 1.0
6 58 1.0
6 71 1.0
6 84 1.0
6 17 1.0
6 28 1.0
6 39 1.0
6 50 1.0
6 61 1.0
6 7 1.0
6 8 1.0
6 9 1.0
6 10 1.0
6 11 1.0
6 12 1.0
6 18 1.0
6 30 1.0
6 42 1.0
6 54 1.0
6 66 1.0
6 78 1.0
6 90 1.0
6 5 1.0
6 4 1.0
6 3 1.0
6 2 1.0
6 1 1.0
7 20 1.0
7 33 1.0
7 46 1.0
7 59 1.0
7 72 1.0
7 18 1.0
7 29 1.0
7 40 1.0
7 51 1.0
7 62 1.0
7 73 1.0
7 8 1.0
7 9 1.0
7 10 1.0
7 11 1.0
7 12 1.0
7 19 1.0
7 31 1.0
7 43 1.0
7 55 1.0
7 67 1.0
7 79 1.0
7 91 1.0
7 6 1.0
7 5 1.0
7 4 1.0
7 3 1.0
7 2 1.0
7 1 1.0
8 21 1.0
8 34 1.0
8 47 1.0
8 60 1.0
8 19 1.0
8 30 1.0
8 41 1.0
8 52 1.0
8 63 1.0
8 74 1.0
8 85 1.0
8 9 1.0
8 10 1.0
8 11 1.0
8 12 1.0
8 20 1.0
8 32 1.0
8 44 1.0
8 56 1.0
8 68 1.0
8 80 1.0
8 92 1.0
8 7 1.0
8 6 1.0
8 5 1.0
8 4 1.0
8 3 1.0
8 2 1.0
8 1 1.0
9 22 1.0
9 35 1.0
9 48 1.0
9 20 1.0
9 31 1.0
9 42 1.0
9 53 1.0
9 64 1.0
9 75 1.0
9 86 1.0
9 10 1.0
9 11 1.0
9 12 1.0
9 21 1.0
9 33 1.0
9 45 1.0
9 57 1.0
9 69 1.0
9 81 1.0
9 93 1.0
9 8 1.0
9 7 1.0
9 6 1.0
9 5 1.0
9 4 1.0
9 3 1.0
9 2 1.0
9 1 1.0
10 23 1.0
10 36 1.0
10 21 1.0
10 32 1.0
10 43 1.0
10 54 1.0
10 65 1.0
10 76 1.0
10 87 1.0
10 11 1.0
10 12 1.0
10 22 1.0
10 34 1.0
10 46 1.0
10 58 1.0
10 70 1.0
10 82 1.0
10 94 1.0
10 9 1.0
10 8 1.0
10 7 1.0
10 6 1.0
10 5 1.0
10 4 1.0
10 3 1.0
10 2 1.0
10 1 1.0
11 24 1.0
11 22 1.0
11 33 1.0
11 44 1.0
11 55 1.0
11 66 1.0
11 77 1.0
11 88 1.0
11 12 1.0
11 23 1.0
11 35 1.0
11 47 1.0
11 59 1.0
11 71 1.0
11 83 1.0
11 95 1.0
11 10 1.0
11 9 1.0
11 8 1.0
11 7 1.0
11 6 1.0
11 5 1.0
11 4 1.0
11 3 1.0
11 2 1.0
11 1 1.0
12 23 1.0
12 34 1.0
12 45 1.0
12 56 1.0
12 67 1.0
12 78 1.0
12 89 1.0
12 24 1.0
12 36 1.0
12 48 1.0
12 60 1.0
12 72 1.0
12 84 1.0
12 96 1.0
12 11 1.0
12 10 1.0
12 9 1.0
12 8 1.0
12 7 1.0
12 6 1.0
12 5 1.0
12 4 1.0
12 3 1.0
12 2 1.0
12 1 1.0
13 26 1.0
13 39 1.0
13 52 1.0
13 65 1.0
13 78 1.0
13 91 1.0
13 14 1.0
13 15 1.0
13 16 1.0
13 17 1.0
13 18 1.0
13 19 1.0
13 20 1.0
13 21 1.0
13 22 1.0
13 23 1.0
13 24 1.0
13 25 1.0
13 37 1.0
13 49 1.0
13 61 1.0
13 73 1.0
13 85 1.0
13 2 1.0
13 1 1.0
14 27 1.0
14 40 1.0
14 53 1.0
14 66 1.0
14 79 1.0
14 92 1.0
14 25 1.0
14 15 1.0
14 16 1.0
14 17 1.0
14 18 1.0
14 19 1.0
14 20 1.0
14 21 1.0
14 22 1.0
14 23 1.0
14 24 1.0
14 26 1.0
14 38 1.0
14 50 1.0
14 62 1.0
14 74 1.0
14 86 1.0
14 13 1.0
14 3 1.0
14 2 1.0
14 1 1.0
15 28 1.0
15 41 1.0
15 54 1.0
15 67 1.0
15 80 1.0
15 93 1.0
15 26 1.0
15 37 1.0
15 16 1.0
15 17 1.0
15 18 1.0
15 19 1.0
15 20 1.0
15 21 1.0
15 22 1.0
15 23 1.0
15 24 1.0
15 27 1.0
15 39 1.0
15 51 1.0
15 63 1.0
15 75 1.0
15 87 1.0
15 14 1.0
15 13 1.0
15 4 1.0
15 3 1.0
15 2 1.0
16 29 1.0
16 42 1.0
16 55 1.0
16 68 1.0
16 81 1.0
16 94 1.0
16 27 1.0
16 38 1.0
16 49 1.0
16 17 1.0
16 18 1.0
16 19 1.0
16 20 1.0
16 21 1.0
16 22 1.0
16 23 1.0
16 24 1.0
16 28 1.0
16 40 1.0
16 52 1.0
16 64 1.0
16 76 1.0
16 88 1.0
16 15 1.0
16 14 1.0
16 13 1.0
16 5 1.0
16 4 1.0
16 3 1.0
17 30 1.0
17 43 1.0
17 56 1.0
17 69 1.0
17 82 1.0
17 95 1.0
17 28 1.0
17 39 1.0
17 50 1.0
17 61 1.0
17 18 1.0
17 19 1.0
17 20 1.0
17 21 1.0
17 22 1.0
17 23 1.0
17 24 1.0
17 29 1.0
17 41 1.0
17 53 1.0
17 65 1.0
17 77 1.0
17 89 1.0
17 16 1.0
17 15 1.0
17 14 1.0
17 13 1.0
17 6 1.0
17 5 1.0
17 4 1.0
18 31 1.0
18 44 1.0
18 57 1.0
18 70 1.0
18 83 1.0
18 96 1.0
18 29 1.0
18 40 1.0
18 51 1.0
18 62 1.0
18 73 1.0
18 19 1.0
18 20 1.0
18 21 1.0
18 22 1.0
18 23 1.0
18 24 1.0
18 30 1.0
18 42 1.0
18 54 1.0
18 66 1.0
18 78 1.0
18 90 1.0
18 17 1.0
18 16 1.0
18 15 1.0
18 14 1.0
18 13 1.0
18 7 1.0
18 6 1.0
18 5 1.0
19 32 1.0
19 45 1.0
19 58 1.0
19 71 1.0
19 84 1.0
19 30 1.0
19 41 1.0
19 52 1.0
19 63 1.0
19 74 1.0
19 85 1.0
19 20 1.0
19 21 1.0
19 22 1.0
19 23 1.0
19 24 1.0
19 31 1.0
19 43 1.0
19 55 1.0
19 67 1.0
19 79 1.0
19 91 1.0
19 18 1.0
19 17 1.0
19 16 1.0
19 15 1.0
19 14 1.0
19 13 1.0
19 8 1.0
19 7 1.0
19 6 1.0
20 33 1.0
20 46 1.0
20 59 1.0
20 72 1.0
20 31 1.0
20 42 1.0
20 53 1.0
20 64 1.0
20 75 1.0
20 86 1.0
20 21 1.0
20 22 1.0
20 23 1.0
20 24 1.0
20 32 1.0
20 44 1.0
20 56 1.0
20 68 1.0
20 80 1.0
20 92 1.0
20 19 1.0
20 18 1.0
20 17 1.0
20 16 1.0
20 15 1.0
20 14 1.0
20 13 1.0
20 9 1.0
20 8 1.0
20 7 1.0
21 34 1.0
21 47 1.0
21 60 1.0
21 32 1.0
21 43 1.0
21 54 1.0
21 65 1.0
21 76 1.0
21 87 1.0
21 22 1.0
21 23 1.0
21 24 1.0
21 33 1.0
21 45 1.0
21 57 1.0
21 69 1.0
21 81 1.0
21 93 1.0
21 20 1.0
21 19 1.0
21 18 1.0
21 17 1.0
21 16 1.0
21 15 1.0
21 14 1.0
21 13 1.0
21 10 1.0
21 9 1.0
21 8 1.0
22 35 1.0
22 48 1.0
22 33 1.0
22 44 1.0
22 55 1.0
22 66 1.0
22 77 1.0
22 88 1.0
22 23 1.0
22 24 1.0
22 34 1.0
22 46 1.0
22 58 1.0
22 70 1.0
22 82 1.0
22 94 1.0
22 21 1.0
22 20 1.0
22 19 1.0
22 18 1.0
22 17 1.0
22 16 1.0
22 15 1.0
22 14 1.0
22 13 1.0
22 11 1.0
22 10 1.0
22 9 1.0
23 36 1.0
23 34 1.0
23 45 1.0
23 56 1.0
23 67 1.0
23 78 1.0
23 89 1.0
23 24 1.0
23 35 1.0
23 47 1.0
23 59 1.0
23 71 1.0
23 83 1.0
23 95 1.0
23 22 1.0
23 21 1.0
23 20 1.0
23 19 1.0
23 18 1.0
23 17 1.0
23 16 1.0
23 15 1.0
23 14 1.0
23 13 1.0
23 12 1.0
23 11 1.0
23 10 1.0
24 35 1.0
24 46 1.0
24 57 1.0
24 68 1.0
24 79 1.0
24 90 1.0
24 36 1.0
24 48 1.0
24 60 1.0
24 72 1.0
24 84 1.0
24 96 1.0
24 23 1.0
24 22 1.0
24 21 1.0
24 20 1.0
24 19 1.0
24 18 1.0
24 17 1.0
24 16 1.0
24 15 1.0
24 14 1.0
24 13 1.0
24 12 1.0
24 11 1.0
25 38 1.0
25 51 1.0
25 64 1.0
25 77 1.0
25 90 1.0
25 26 1.0
25 27 1.0
25 28 1.0
25 29 1.0
25 30 1.0
25 31 1.0
25 32 1.0
25 33 1.0
25 34 1.0
25 35 1.0
25 36 1.0
25 37 1.0
25 49 1.0
25 61 1.0
25 73 1.0
25 85 1.0
25 14 1.0
25 13 1.0
25 3 1.0
25 1 1.0
26 39 1.0
26 52 1.0
26 65 1.0
26 78 1.0
26 91 1.0
26 37 1.0
26 27 1.0
26 28 1.0
26 29 1.0
26 30 1.0
26 31 1.0
26 32 1.0
26 33 1.0
26 34 1.0
26 35 1.0
26 36 1.0
26 38 1.0
26 50 1.0
26 62 1.0
26 74 1.0
26 86 1.0
26 25 1.0
26 15 1.0
26 14 1.0
26 13 1.0
26 4 1.0
26 2 1.0
27 40 1.0
27 53 1.0
27 66 1.0
27 79 1.0
27 92 1.0
27 38 1.0
27 49 1.0
27 28 1.0
27 29 1.0
27 30 1.0
27 31 1.0
27 32 1.0
27 33 1.0
27 34 1.0
27 35 1.0
27 36 1.0
27 39 1.0
27 51 1.0
27 63 1.0
27 75 1.0
27 87 1.0
27 26 1.0
27 25 1.0
27 16 1.0
27 15 1.0
27 14 1.0
27 5 1.0
27 3 1.0
27 1 1.0
28 41 1.0
28 54 1.0
28 67 1.0
28 80 1.0
28 93 1.0
28 39 1.0
28 50 1.0
28 61 1.0
28 29 1.0
28 30 1.0
28 31 1.0
28 32 1.0
28 33 1.0
28 34 1.0
28 35 1.0
28 36 1.0
28 40 1.0
28 52 1.0
28 64 1.0
28 76 1.0
28 88 1.0
28 27 1.0
28 26 1.0
28 25 1.0
28 17 1.0
28 16 1.0
28 15 1.0
28 6 1.0
28 4 1.0
28 2 1.0
29 42 1.0
29 55 1.0
29 68 1.0
29 81 1.0
29 94 1.0
29 40 1.0
29 51 1.0
29 62 1.0
29 73 1.0
29 30 1.0
29 31 1.0
29 32 1.0
29 33 1.0
29 34 1.0
29 35 1.0
29 36 1.0
29 41 1.0
29 53 1.0
29 65 1.0
29 77 1.0
29 89 1.0
29 28 1.0
29 27 1.0
29 26 1.0
29 25 1.0
29 18 1.0
29 17 1.0
29 16 1.0
29 7 1.0
29 5 1.0
29 3 1.0
30 43 1.0
30 56 1.0
30 69 1.0
30 82 1.0
30 95 1.0
30 41 1.0
30 52 1.0
30 63 1.0
30 74 1.0
30 85 1.0
30 31 1.0
30 32 1.0
30 33 1.0
30 34 1.0
30 35 1.0
30 36 1.0
30 42 1.0
30 54 1.0
30 66 1.0
30 78 1.0
30 90 1.0
30 29 1.0
30 28 1.0
30 27 1.0
30 26 1.0
30 25 1.0
30 19 1.0
30 18 1.0
30 17 1.0
30 8 1.0
30 6 1.0
30 4 1.0
31 44 1.0
31 57 1.0
31 70 1.0
31 83 1.0
31 96 1.0
31 42 1.0
31 53 1.0
31 64 1.0
31 75 1.0
31 86 1.0
31 32 1.0
31 33 1.0
31 34 1.0
31 35 1.0
31 36 1.0
31 43 1.0
31 55 1.0
31 67 1.0
31 79 1.0
31 91 1.0
31 30 1.0
31 29 1.0
31 28 1.0
31 27 1.0
31 26 1.0
31 25 1.0
31 20 1.0
31 19 1.0
31 18 1.0
31 9 1.0
31 7 1.0
31 5 1.0
32 45 1.0
32 58 1.0
32 71 1.0
32 84 1.0
32 43 1.0
32 54 1.0
32 65 1.0
32 76 1.0
32 87 1.0
32 33 1.0
32 34 1.0
32 35 1.0
32 36 1.0
32 44 1.0
32 56 1.0
32 68 1.0
32 80 1.0
32 92 1.0
32 31 1.0
32 30 1.0
32 29 1.0
32 28 1.0
32 27 1.0
32 26 1.0
32 25 1.0
32 21 1.0
32 20 1.0
32 19 1.0
32 10 1.0
32 8 1.0
32 6 1.0
33 46 1.0
33 59 1.0
33 72 1.0
33 44 1.0
33 55 1.0
33 66 1.0
33 77 1.0
33 88 1.0
33 34 1.0
33 35 1.0
33 36 1.0
33 45 1.0
33 57 1.0
33 69 1.0
33 81 1.0
33 93 1.0
33 32 1.0
33 31 1.0
33 30 1.0
33 29 1.0
33 28 1.0
33 27 1.0
33 26 1.0
33 25 1.0
33 22 1.0
33 21 1.0
33 20 1.0
33 11 1.0
33 9 1.0
33 7 1.0
34 47 1.0
34 60 1.0
34 45 1.0
34 56 1.0
34 67 1.0
34 78 1.0
34 89 1.0
34 35 1.0
34 36 1.0
34 46 1.0
34 58 1.0
34 70 1.0
34 82 1.0
34 94 1.0
34 33 1.0
34 32 1.0
34 31 1.0
34 30 1.0
34 29 1.0
34 28 1.0
34 27 1.0
34 26 1.0
34 25 1.0
34 23 1.0
34 22 1.0
34 21 1.0
34 12 1.0
34 10 1.0
34 8 1.0
35 48 1.0
35 46 1.0
35 57 1.0
35 68 1.0
35 79 1.0
35 90 1.0
35 36 1.0
35 47 1.0
35 59 1.0
35 71 1.0
35 83 1.0
35 95 1.0
35 34 1.0
35 33 1.0
35 32 1.0
35 31 1.0
35 30 1.0
35 29 1.0
35 28 1.0
35 27 1.0
35 26 1.0
35 25 1.0
35 24 1.0
35 23 1.0
35 22 1.0
35 11 1.0
35 9 1.0
36 47 1.0
36 58 1.0
36 69 1.0
36 80 1.0
36 91 1.0
36 48 1.0
36 60 1.0
36 72 1.0
36 84 1.0
36 96 1.0
36 35 1.0
36 34 1.0
36 33 1.0
36 32 1.0
36 31 1.0
36 30 1.0
36 29 1.0
36 28 1.0
36 27 1.0
36 26 1.0
36 25 1.0
36 24 1.0
36 23 1.0
36 12 1.0
36 10 1.0
37 50 1.0
37 63 1.0
37 76 1.0
37 89 1.0
37 38 1.0
37 39 1.0
37 40 1.0
37 41 1.0
37 42 1.0
37 43 1.0
37 44 1.0
37 45 1.0
37 46 1.0
37 47 1.0
37 48 1.0
37 49 1.0
37 61 1.0
37 73 1.0
37 85 1.0
37 26 1.0
37 25 1.0
37 15 1.0
37 13 1.0
37 4 1.0
37 1 1.0
38 51 1.0
38 64 1.0
38 77 1.0
38 90 1.0
38 49 1.0
38 39 1.0
38 40 1.0
38 41 1.0
38 42 1.0
38 43 1.0
38 44 1.0
38 45 1.0
38 46 1.0
38 47 1.0
38 48 1.0
38 50 1.0
38 62 1.0
38 74 1.0
38 86 1.0
38 37 1.0
38 27 1.0
38 26 1.0
38 25 1.0
38 16 1.0
38 14 1.0
38 5 1.0
38 2 1.0
39 52 1.0
39 65 1.0
39 78 1.0
39 91 1.0
39 50 1.0
39 61 1.0
39 40 1.0
39 41 1.0
39 42 1.0
39 43 1.0
39 44 1.0
39 45 1.0
39 46 1.0
39 47 1.0
39 48 1.0
39 51 1.0
39 63 1.0
39 75 1.0
39 87 1.0
39 38 1.0
39 37 1.0
39 28 1.0
39 27 1.0
39 26 1.0
39 17 1.0
39 15 1.0
39 13 1.0
39 6 1.0
39 3 1.0
40 53 1.0
40 66 1.0
40 79 1.0
40 92 1.0
40 51 1.0
40 62 1.0
40 73 1.0
40 41 1.0
40 42 1.0
40 43 1.0
40 44 1.0
40 45 1.0
40 46 1.0
40 47 1.0
40 48 1.0
40 52 1.0
40 64 1.0
40 76 1.0
40 88 1.0
40 39 1.0
40 38 1.0
40 37 1.0
40 29 1.0
40 28 1.0
40 27 1.0
40 18 1.0
40 16 1.0
40 14 1.0
40 7 1.0
40 4 1.0
40 1 1.0
41 54 1.0
41 67 1.0
41 80 1.0
41 93 1.0
41 52 1.0
41 63 1.0
41 74 1.0
41 85 1.0
41 42 1.0
41 43 1.0
41 44 1.0
41 45 1.0
41 46 1.0
41 47 1.0
41 48 1.0
41 53 1.0
41 65 1.0
41 77 1.0
41 89 1.0
41 40 1.0
41 39 1.0
41 38 1.0
41 37 1.0
41 30 1.0
41 29 1.0
41 28 1.0
41 19 1.0
41 17 1.0
41 15 1.0
41 8 1.0
41 5 1.0
41 2 1.0
42 55 1.0
42 68 1.0
42 81 1.0
42 94 1.0
42 53 1.0
42 64 1.0
42 75 1.0
42 86 1.0
42 43 1.0
42 44 1.0
42 45 1.0
42 46 1.0
42 47 1.0
42 48 1.0
42 54 1.0
42 66 1.0
42 78 1.0
42 90 1.0
42 41 1.0
42 40 1.0
42 39 1.0
42 38 1.0
42 37 1.0
42 31 1.0
42 30 1.0
42 29 1.0
42 20 1.0
42 18 1.0
42 16 1.0
42 9 1.0
42 6 1.0
42 3 1.0
43 56 1.0
43 69 1.0
43 82 1.0
43 95 1.0
43 54 1.0
43 65 1.0
43 76 1.0
43 87 1.0
43 44 1.0
43 45 1.0
43 46 1.0
43 47 1.0
43 48 1.0
43 55 1.0
43 67 1.0
43 79 1.0
43 91 1.0
43 42 1.0
43 41 1.0
43 40 1.0
43 39 1.0
43 38 1.0
43 37 1.0
43 32 1.0
43 31 1.0
43 30 1.0
43 21 1.0
43 19 1.0
43 17 1.0
43 10 1.0
43 7 1.0
43 4 1.0
44 57 1.0
44 70 1.0
44 83 1.0
44 96 1.0
44 55 1.0
44 66 1.0
44 77 1.0
44 88 1.0
44 45 1.0
44 46 1.0
44 47 1.0
44 48 1.0
44 56 1.0
44 68 1.0
44 80 1.0
44 92 1.0
44 43 1.0
44 42 1.0
44 41 1.0
44 40 1.0
44 39 1.0
44 38 1.0
44 37 1.0
44 33 1.0
44 32 1.0
44 31 1.0
44 22 1.0
44 20 1.0
44 18 1.0
44 11 1.0
44 8 1.0
44 5 1.0
45 58 1.0
45 71 1.0
45 84 1.0
45 56 1.0
45 67 1.0
45 78 1.0
45 89 1.0
45 46 1.0
45 47 1.0
45 48 1.0
45 57 1.0
45 69 1.0
45 81 1.0
45 93 1.0
45 44 1.0
45 43 1.0
45 42 1.0
45 41 1.0
45 40 1.0
45 39 1.0
45 38 1.0
45 37 1.0
45 34 1.0
45 33 1.0
45 32 1.0
45 23 1.0
45 21 1.0
45 19 1.0
45 12 1.0
45 9 1.0
45 6 1.0
46 59 1.0
46 72 1.0
46 57 1.0
46 68 1.0
46 79 1.0
46 90 1.0
46 47 1.0
46 48 1.0
46 58 1.0
46 70 1.0
46 82 1.0
46 94 1.0
46 45 1.0
46 44 1.0
46 43 1.0
46 42 1.0
46 41 1.0
46 40 1.0
46 39 1.0
46 38 1.0
46 37 1.0
46 35 1.0
46 34 1.0
46 33 1.0
46 24 1.0
46 22 1.0
46 20 1.0
46 10 1.0
46 7 1.0
47 60 1.0
47 58 1.0
47 69 1.0
47 80 1.0
47 91 1.0
47 48 1.0
47 59 1.0
47 71 1.0
47 83 1.0
47 95 1.0
47 46 1.0
47 45 1.0
47 44 1.0
47 43 1.0
47 42 1.0
47 41 1.0
47 40 1.0
47 39 1.0
47 38 1.0
47 37 1.0
47 36 1.0
47 35 1.0
47 34 1.0
47 23 1.0
47 21 1.0
47 11 1.0
47 8 1.0
48 59 1.0
48 70 1.0
48 81 1.0
48 92 1.0
48 60 1.0
48 72 1.0
48 84 1.0
48 96 1.0
48 47 1.0
48 46 1.0
48 45 1.0
48 44 1.0
48 43 1.0
48 42 1.0
48 41 1.0
48 40 1.0
48 39 1.0
48 38 1.0
48 37 1.0
48 36 1.0
48 35 1.0
48 24 1.0
48 22 1.0
48 12 1.0
48 9 1.0
49 62 1.0
49 75 1.0
49 88 1.0
49 50 1.0
49 51 1.0
49 52 1.0
49 53 1.0
49 54 1.0
49 55 1.0
49 56 1.0
49 57 1.0
49 58 1.0
49 59 1.0
49 60 1.0
49 61 1.0
49 73 1.0
49 85 1.0
49 38 1.0
49 37 1.0
49 27 1.0
49 25 1.0
49 16 1.0
49 13 1.0
49 5 1.0
49 1 1.0
50 63 1.0
50 76 1.0
50 89 1.0
50 61 1.0
50 51 1.0
50 52 1.0
50 53 1.0
50 54 1.0
50 55 1.0
50 56 1.0
50 57 1.0
50 58 1.0
50 59 1.0
50 60 1.0
50 62 1.0
50 74 1.0
50 86 1.0
50 49 1.0
50 39 1.0
50 38 1.0
50 37 1.0
50 28 1.0
50 26 1.0
50 17 1.0
50 14 1.0
50 6 1.0
50 2 1.0
51 64 1.0
51 77 1.0
51 90 1.0
51 62 1.0
51 73 1.0
51 52 1.0
51 53 1.0
51 54 1.0
51 55 1.0
51 56 1.0
51 57 1.0
51 58 1.0
51 59 1.0
51 60 1.0
51 63 1.0
51 75 1.0
51 87 1.0
51 50 1.0
51 49 1.0
51 40 1.0
51 39 1.0
51 38 1.0
51 29 1.0
51 27 1.0
51 25 1.0
51 18 1.0
51 15 1.0
51 7 1.0
51 3 1.0
52 65 1.0
52 78 1.0
52 91 1.0
52 63 1.0
52 74 1.0
52 85 1.0
52 53 1.0
52 54 1.0
52 55 1.0
52 56 1.0
52 57 1.0
52 58 1.0
52 59 1.0
52 60 1.0
52 64 1.0
52 76 1.0
52 88 1.0
52 51 1.0
52 50 1.0
52 49 1.0
52 41 1.0
52 40 1.0
52 39 1.0
52 30 1.0
52 28 1.0
52 26 1.0
52 19 1.0
52 16 1.0
52 13 1.0
52 8 1.0
52 4 1.0
53 66 1.0
53 79 1.0
53 92 1.0
53 64 1.0
53 75 1.0
53 86 1.0
53 54 1.0
53 55 1.0
53 56 1.0
53 57 1.0
53 58 1.0
53 59 1.0
53 60 1.0
53 65 1.0
53 77 1.0
53 89 1.0
53 52 1.0
53 51 1.0
53 50 1.0
53 49 1.0
53 42 1.0
53 41 1.0
53 40 1.0
53 31 1.0
53 29 1.0
53 27 1.0
53 20 1.0
53 17 1.0
53 14 1.0
53 9 1.0
53 5 1.0
53 1 1.0
54 67 1.0
54 80 1.0
54 93 1.0
54 65 1.0
54 76 1.0
54 87 1.0
54 55 1.0
54 56 1.0
54 57 1.0
54 58 1.0
54 59 1.0
54 60 1.0
54 66 1.0
54 78 1.0
54 90 1.0
54 53 1.0
54 52 1.0
54 51 1.0
54 50 1.0
54 49 1.0
54 43 1.0
54 42 1.0
54 41 1.0
54 32 1.0
54 30 1.0
54 28 1.0
54 21 1.0
54 18 1.0
54 15 1.0
54 10 1.0
54 6 1.0
54 2 1.0
55 68 1.0
55 81 1.0
55 94 1.0
55 66 1.0
55 77 1.0
55 88 1.0
55 56 1.0
55 57 1.0
55 58 1.0
55 59 1.0
55 60 1.0
55 67 1.0
55 79 1.0
55 91 1.0
55 54 1.0
55 53 1.0
55 52 1.0
55 51 1.0
55 50 1.0
55 49 1.0
55 44 1.0
55 43 1.0
55 42 1.0
55 33 1.0
55 31 1.0
55 29 1.0
55 22 1.0
55 19 1.0
55 16 1.0
55 11 1.0
55 7 1.0
55 3 1.0
56 69 1.0
56 82 1.0
56 95 1.0
56 67 1.0
56 78 1.0
56 89 1.0
56 57 1.0
56 58 1.0
56 59 1.0
56 60 1.0
56 68 1.0
56 80 1.0
56 92 1.0
56 55 1.0
56 54 1.0
56 53 1.0
56 52 1.0
56 51 1.0
56 50 1.0
56 49 1.0
56 45 1.0
56 44 1.0
56 43 1.0
56 34 1.0
56 32 1.0
56 30 1.0
56 23 1.0
56 20 1.0
56 17 1.0
56 12 1.0
56 8 1.0
56 4 1.0
57 70 1.0
57 83 1.0
57 96 1.0
57 68 1.0
57 79 1.0
57 90 1.0
57 58 1.0
57 59 1.0
57 60 1.0
57 69 1.0
57 81 1.0
57 93 1.0
57 56 1.0
57 55 1.0
57 54 1.0
57 53 1.0
57 52 1.0
57 51 1.0
57 50 1.0
57 49 1.0
57 46 1.0
57 45 1.0
57 44 1.0
57 35 1.0
57 33 1.0
57 31 1.0
57 24 1.0
57 21 1.0
57 18 1.0
57 9 1.0
57 5 1.0
58 71 1.0
58 84 1.0
58 69 1.0
58 80 1.0
58 91 1.0
58 59 1.0
58 60 1.0
58 70 1.0
58 82 1.0
58 94 1.0
58 57 1.0
58 56 1.0
58 55 1.0
58 54 1.0
58 53 1.0
58 52 1.0
58 51 1.0
58 50 1.0
58 49 1.0
58 47 1.0
58 46 1.0
58 45 1.0
58 36 1.0
58 34 1.0
58 32 1.0
58 22 1.0
58 19 1.0
58 10 1.0
58 6 1.0
59 72 1.0
59 70 1.0
59 81 1.0
59 92 1.0
59 60 1.0
59 71 1.0
59 83 1.0
59 95 1.0
59 58 1.0
59 57 1.0
59 56 1.0
59 55 1.0
59 54 1.0
59 53 1.0
59 52 1.0
59 51 1.0
59 50 1.0
59 49 1.0
59 48 1.0
59 47 1.0
59 46 1.0
59 35 1.0
59 33 1.0
59 23 1.0
59 20 1.0
59 11 1.0
59 7 1.0
60 71 1.0
60 82 1.0
60 93 1.0
60 72 1.0
60 84 1.0
60 96 1.0
60 59 1.0
60 58 1.0
60 57 1.0
60 56 1.0
60 55 1.0
60 54 1.0
60 53 1.0
60 52 1.0
60 51 1.0
60 50 1.0
60 49 1.0
60 48 1.0
60 47 1.0
60 36 1.0
60 34 1.0
60 24 1.0
60 21 1.0
60 12 1.0
60 8 1.0
61 74 1.0
61 87 1.0
61 62 1.0
61 63 1.0
61 64 1.0
61 65 1.0
61 66 1.0
61 67 1.0
61 68 1.0
61 69 1.0
61 70 1.0
61 71 1.0
61 72 1.0
61 73 1.0
61 85 1.0
61 50 1.0
61 49 1.0
61 39 1.0
61 37 1.0
61 28 1.0
61 25 1.0
61 17 1.0
61 13 1.0
61 6 1.0
61 1 1.0
62 75 1.0
62 88 1.0
62 73 1.0
62 63 1.0
62 64 1.0
62 65 1.0
62 66 1.0
62 67 1.0
62 68 1.0
62 69 1.0
62 70 1.0
62 71 1.0
62 72 1.0
62 74 1.0
62 86 1.0
62 61 1.0
62 51 1.0
62 50 1.0
62 49 1.0
62 40 1.0
62 38 1.0
62 29 1.0
62 26 1.0
62 18 1.0
62 14 1.0
62 7 1.0
62 2 1.0
63 76 1.0
63 89 1.0
63 74 1.0
63 85 1.0
63 64 1.0
63 65 1.0
63 66 1.0
63 67 1.0
63 68 1.0
63 69 1.0
63 70 1.0
63 71 1.0
63 72 1.0
63 75 1.0
63 87 1.0
63 62 1.0
63 61 1.0
63 52 1.0
63 51 1.0
63 50 1.0
63 41 1.0
63 39 1.0
63 37 1.0
63 30 1.0
63 27 1.0
63 19 1.0
63 15 1.0
63 8 1.0
63 3 1.0
64 77 1.0
64 90 1.0
64 75 1.0
64 86 1.0
64 65 1.0
64 66 1.0
64 67 1.0
64 68 1.0
64 69 1.0
64 70 1.0
64 71 1.0
64 72 1.0
64 76 1.0
64 88 1.0
64 63 1.0
64 62 1.0
64 61 1.0
64 53 1.0
64 52 1.0
64 51 1.0
64 42 1.0
64 40 1.0
64 38 1.0
64 31 1.0
64 28 1.0
64 25 1.0
64 20 1.0
64 16 1.0
64 9 1.0
64 4 1.0
65 78 1.0
65 91 1.0
65 76 1.0
65 87 1.0
65 66 1.0
65 67 1.0
65 68 1.0
65 69 1.0
65 70 1.0
65 71 1.0
65 72 1.0
65 77 1.0
65 89 1.0
65 64 1.0
65 63 1.0
65 62 1.0
65 61 1.0
65 54 1.0
65 53 1.0
65 52 1.0
65 43 1.0
65 41 1.0
65 39 1.0
65 32 1.0
65 29 1.0
65 26 1.0
65 21 1.0
65 17 1.0
65 13 1.0
65 10 1.0
65 5 1.0
66 79 1.0
66 92 1.0
66 77 1.0
66 88 1.0
66 67 1.0
66 68 1.0
66 69 1.0
66 70 1.0
66 71 1.0
66 72 1.0
66 78 1.0
66 90 1.0
66 65 1.0
66 64 1.0
66 63 1.0
66 62 1.0
66 61 1.0
66 55 1.0
66 54 1.0
66 53 1.0
66 44 1.0
66 42 1.0
66 40 1.0
66 33 1.0
66 30 1.0
66 27 1.0
66 22 1.0
66 18 1.0
66 14 1.0
66 11 1.0
66 6 1.0
66 1 1.0
67 80 1.0
67 93 1.0
67 78 1.0
67 89 1.0
67 68 1.0
67 69 1.0
67 70 1.0
67 71 1.0
67 72 1.0
67 79 1.0
67 91 1.0
67 66 1.0
67 65 1.0
67 64 1.0
67 63 1.0
67 62 1.0
67 61 1.0
67 56 1.0
67 55 1.0
67 54 1.0
67 45 1.0
67 43 1.0
67 41 1.0
67 34 1.0
67 31 1.0
67 28 1.0
67 23 1.0
67 19 1.0
67 15 1.0
67 12 1.0
67 7 1.0
67 2 1.0
68 81 1.0
68 94 1.0
68 79 1.0
68 90 1.0
68 69 1.0
68 70 1.0
68 71 1.0
68 72 1.0
68 80 1.0
68 92 1.0
68 67 1.0
68 66 1.0
68 65 1.0
68 64 1.0
68 63 1.0
68 62 1.0
68 61 1.0
68 57 1.0
68 56 1.0
68 55 1.0
68 46 1.0
68 44 1.0
68 42 1.0
68 35 1.0
68 32 1.0
68 29 1.0
68 24 1.0
68 20 1.0
68 16 1.0
68 8 1.0
68 3 1.0
69 82 1.0
69 95 1.0
69 80 1.0
69 91 1.0
69 70 1.0
69 71 1.0
69 72 1.0
69 81 1.0
69 93 1.0
69 68 1.0
69 67 1.0
69 66 1.0
69 65 1.0
69 64 1.0
69 63 1.0
69 62 1.0
69 61 1.0
69 58 1.0
69 57 1.0
69 56 1.0
69 47 1.0
69 45 1.0
69 43 1.0
69 36 1.0
69 33 1.0
69 30 1.0
69 21 1.0
69 17 1.0
69 9 1.0
69 4 1.0
70 83 1.0
70 96 1.0
70 81 1.0
70 92 1.0
70 71 1.0
70 72 1.0
70 82 1.0
70 94 1.0
70 69 1.0
70 68 1.0
70 67 1.0
70 66 1.0
70 65 1.0
70 64 1.0
70 63 1.0
70 62 1.0
70 61 1.0
70 59 1.0
70 58 1.0
70 57 1.0
70 48 1.0
70 46 1.0
70 44 1.0
70 34 1.0
70 31 1.0
70 22 1.0
70 18 1.0
70 10 1.0
70 5 1.0
71 84 1.0
71 82 1.0
71 93 1.0
71 72 1.0
71 83 1.0
71 95 1.0
71 70 1.0
71 69 1.0
71 68 1.0
71 67 1.0
71 66 1.0
71 65 1.0
71 64 1.0
71 63 1.0
71 62 1.0
71 61 1.0
71 60 1.0
71 59 1.0
71 58 1.0
71 47 1.0
71 45 1.0
71 35 1.0
71 32 1.0
71 23 1.0
71 19 1.0
71 11 1.0
71 6 1.0
72 83 1.0
72 94 1.0
72 84 1.0
72 96 1.0
72 71 1.0
72 70 1.0
72 69 1.0
72 68 1.0
72 67 1.0
72 66 1.0
72 65 1.0
72 64 1.0
72 63 1.0
72 62 1.0
72 61 1.0
72 60 1.0
72 59 1.0
72 48 1.0
72 46 1.0
72 36 1.0
72 33 1.0
72 24 1.0
72 20 1.0
72 12 1.0
72 7 1.0
73 86 1.0
73 74 1.0
73 75 1.0
73 76 1.0
73 77 1.0
73 78 1.0
73 79 1.0
73 80 1.0
73 81 1.0
73 82 1.0
73 83 1.0
73 84 1.0
73 85 1.0
73 62 1.0
73 61 1.0
73 51 1.0
73 49 1.0
73 40 1.0
73 37 1.0
73 29 1.0
73 25 1.0
73 18 1.0
73 13 1.0
73 7 1.0
73 1 1.0
74 87 1.0
74 85 1.0
74 75 1.0
74 76 1.0
74 77 1.0
74 78 1.0
74 79 1.0
74 80 1.0
74 81 1.0
74 82 1.0
74 83 1.0
74 84 1.0
74 86 1.0
74 73 1.0
74 63 1.0
74 62 1.0
74 61 1.0
74 52 1.0
74 50 1.0
74 41 1.0
74 38 1.0
74 30 1.0
74 26 1.0
74 19 1.0
74 14 1.0
74 8 1.0
74 2 1.0
75 88 1.0
75 86 1.0
75 76 1.0
75 77 1.0
75 78 1.0
75 79 1.0
75 80 1.0
75 81 1.0
75 82 1.0
75 83 1.0
75 84 1.0
75 87 1.0
75 74 1.0
75 73 1.0
75 64 1.0
75 63 1.0
75 62 1.0
75 53 1.0
75 51 1.0
75 49 1.0
75 42 1.0
75 39 1.0
75 31 1.0
75 27 1.0
75 20 1.0
75 15 1.0
75 9 1.0
75 3 1.0
76 89 1.0
76 87 1.0
76 77 1.0
76 78 1.0
76 79 1.0
76 80 1.0
76 81 1.0
76 82 1.0
76 83 1.0
76 84 1.0
76 88 1.0
76 75 1.0
76 74 1.0
76 73 1.0
76 65 1.0
76 64 1.0
76 63 1.0
76 54 1.0
76 52 1.0
76 50 1.0
76 43 1.0
76 40 1.0
76 37 1.0
76 32 1.0
76 28 1.0
76 21 1.0
76 16 1.0
76 10 1.0
76 4 1.0
77 90 1.0
77 88 1.0
77 78 1.0
77 79 1.0
77 80 1.0
77 81 1.0
77 82 1.0
77 83 1.0
77 84 1.0
77 89 1.0
77 76 1.0
77 75 1.0
77 74 1.0
77 73 1.0
77 66 1.0
77 65 1.0
77 64 1.0
77 55 1.0
77 53 1.0
77 51 1.0
77 44 1.0
77 41 1.0
77 38 1.0
77 33 1.0
77 29 1.0
77 25 1.0
77 22 1.0
77 17 1.0
77 11 1.0
77 5 1.0
78 91 1.0
78 89 1.0
78 79 1.0
78 80 1.0
78 81 1.0
78 82 1.0
78 83 1.0
78 84 1.0
78 90 1.0
78 77 1.0
78 76 1.0
78 75 1.0
78 74 1.0
78 73 1.0
78 67 1.0
78 66 1.0
78 65 1.0
78 56 1.0
78 54 1.0
78 52 1.0
78 45 1.0
78 42 1.0
78 39 1.0
78 34 1.0
78 30 1.0
78 26 1.0
78 23 1.0
78 18 1.0
78 13 1.0
78 12 1.0
78 6 1.0
79 92 1.0
79 90 1.0
79 80 1.0
79 81 1.0
79 82 1.0
79 83 1.0
79 84 1.0
79 91 1.0
79 78 1.0
79 77 1.0
79 76 1.0
79 75 1.0
79 74 1.0
79 73 1.0
79 68 1.0
79 67 1.0
79 66 1.0
79 57 1.0
79 55 1.0
79 53 1.0
79 46 1.0
79 43 1.0
79 40 1.0
79 35 1.0
79 31 1.0
79 27 1.0
79 24 1.0
79 19 1.0
79 14 1.0
79 7 1.0
79 1 1.0
80 93 1.0
80 91 1.0
80 81 1.0
80 82 1.0
80 83 1.0
80 84 1.0
80 92 1.0
80 79 1.0
80 78 1.0
80 77 1.0
80 76 1.0
80 75 1.0
80 74 1.0
80 73 1.0
80 69 1.0
80 68 1.0
80 67 1.0
80 58 1.0
80 56 1.0
80 54 1.0
80 47 1.0
80 44 1.0
80 41 1.0
80 36 1.0
80 32 1.0
80 28 1.0
80 20 1.0
80 15 1.0
80 8 1.0
80 2 1.0
81 94 1.0
81 92 1.0
81 82 1.0
81 83 1.0
81 84 1.0
81 93 1.0
81 80 1.0
81 79 1.0
81 78 1.0
81 77 1.0
81 76 1.0
81 75 1.0
81 74 1.0
81 73 1.0
81 70 1.0
81 69 1.0
81 68 1.0
81 59 1.0
81 57 1.0
81 55 1.0
81 48 1.0
81 45 1.0
81 42 1.0
81 33 1.0
81 29 1.0
81 21 1.0
81 16 1.0
81 9 1.0
81 3 1.0
82 95 1.0
82 93 1.0
82 83 1.0
82 84 1.0
82 94 1.0
82 81 1.0
82 80 1.0
82 79 1.0
82 78 1.0
82 77 1.0
82 76 1.0
82 75 1.0
82 74 1.0
82 73 1.0
82 71 1.0
82 70 1.0
82 69 1.0
82 60 1.0
82 58 1.0
82 56 1.0
82 46 1.0
82 43 1.0
82 34 1.0
82 30 1.0
82 22 1.0
82 17 1.0
82 10 1.0
82 4 1.0
83 96 1.0
83 94 1.0
83 84 1.0
83 95 1.0
83 82 1.0
83 81 1.0
83 80 1.0
83 79 1.0
83 78 1.0
83 77 1.0
83 76 1.0
83 75 1.0
83 74 1.0
83 73 1.0
83 72 1.0
83 71 1.0
83 70 1.0
83 59 1.0
83 57 1.0
83 47 1.0
83 44 1.0
83 35 1.0
83 31 1.0
83 23 1.0
83 18 1.0
83 11 1.0
83 5 1.0
84 95 1.0
84 96 1.0
84 83 1.0
84 82 1.0
84 81 1.0
84 80 1.0
84 79 1.0
84 78 1.0
84 77 1.0
84 76 1.0
84 75 1.0
84 74 1.0
84 73 1.0
84 72 1.0
84 71 1.0
84 60 1.0
84 58 1.0
84 48 1.0
84 45 1.0
84 36 1.0
84 32 1.0
84 24 1.0
84 19 1.0
84 12 1.0
84 6 1.0
85 86 1.0
85 87 1.0
85 88 1.0
85 89 1.0
85 90 1.0
85 91 1.0
85 92 1.0
85 93 1.0
85 94 1.0
85 95 1.0
85 96 1.0
85 74 1.0
85 73 1.0
85 63 1.0
85 61 1.0
85 52 1.0
85 49 1.0
85 41 1.0
85 37 1.0
85 30 1.0
85 25 1.0
85 19 1.0
85 13 1.0
85 8 1.0
85 1 1.0
86 87 1.0
86 88 1.0
86 89 1.0
86 90 1.0
86 91 1.0
86 92 1.0
86 93 1.0
86 94 1.0
86 95 1.0
86 96 1.0
86 85 1.0
86 75 1.0
86 74 1.0
86 73 1.0
86 64 1.0
86 62 1.0
86 53 1.0
86 50 1.0
86 42 1.0
86 38 1.0
86 31 1.0
86 26 1.0
86 20 1.0
86 14 1.0
86 9 1.0
86 2 1.0
87 88 1.0
87 89 1.0
87 90 1.0
87 91 1.0
87 92 1.0
87 93 1.0
87 94 1.0
87 95 1.0
87 96 1.0
87 86 1.0
87 85 1.0
87 76 1.0
87 75 1.0
87 74 1.0
87 65 1.0
87 63 1.0
87 61 1.0
87 54 1.0
87 51 1.0
87 43 1.0
87 39 1.0
87 32 1.0
87 27 1.0
87 21 1.0
87 15 1.0
87 10 1.0
87 3 1.0
88 89 1.0
88 90 1.0
88 91 1.0
88 92 1.0
88 93 1.0
88 94 1.0
88 95 1.0
88 96 1.0
88 87 1.0
88 86 1.0
88 85 1.0
88 77 1.0
88 76 1.0
88 75 1.0
88 66 1.0
88 64 1.0
88 62 1.0
88 55 1.0
88 52 1.0
88 49 1.0
88 44 1.0
88 40 1.0
88 33 1.0
88 28 1.0
88 22 1.0
88 16 1.0
88 11 1.0
88 4 1.0
89 90 1.0
89 91 1.0
89 92 1.0
89 93 1.0
89 94 1.0
89 95 1.0
89 96 1.0
89 88 1.0
89 87 1.0
89 86 1.0
89 85 1.0
89 78 1.0
89 77 1.0
89 76 1.0
89 67 1.0
89 65 1.0
89 63 1.0
89 56 1.0
89 53 1.0
89 50 1.0
89 45 1.0
89 41 1.0
89 37 1.0
89 34 1.0
89 29 1.0
89 23 1.0
89 17 1.0
89 12 1.0
89 5 1.0
90 91 1.0
90 92 1.0
90 93 1.0
90 94 1.0
90 95 1.0
90 96 1.0
90 89 1.0
90 88 1.0
90 87 1.0
90 86 1.0
90 85 1.0
90 79 1.0
90 78 1.0
90 77 1.0
90 68 1.0
90 66 1.0
90 64 1.0
90 57 1.0
90 54 1.0
90 51 1.0
90 46 1.0
90 42 1.0
90 38 1.0
90 35 1.0
90 30 1.0
90 25 1.0
90 24 1.0
90 18 1.0
90 6 1.0
91 92 1.0
91 93 1.0
91 94 1.0
91 95 1.0
91 96 1.0
91 90 1.0
91 89 1.0
91 88 1.0
91 87 1.0
91 86 1.0
91 85 1.0
91 80 1.0
91 79 1.0
91 78 1.0
91 69 1.0
91 67 1.0
91 65 1.0
91 58 1.0
91 55 1.0
91 52 1.0
91 47 1.0
91 43 1.0
91 39 1.0
91 36 1.0
91 31 1.0
91 26 1.0
91 19 1.0
91 13 1.0
91 7 1.0
92 93 1.0
92 94 1.0
92 95 1.0
92 96 1.0
92 91 1.0
92 90 1.0
92 89 1.0
92 88 1.0
92 87 1.0
92 86 1.0
92 85 1.0
92 81 1.0
92 80 1.0
92 79 1.0
92 70 1.0
92 68 1.0
92 66 1.0
92 59 1.0
92 56 1.0
92 53 1.0
92 48 1.0
92 44 1.0
92 40 1.0
92 32 1.0
92 27 1.0
92 20 1.0
92 14 1.0
92 8 1.0
92 1 1.0
93 94 1.0
93 95 1.0
93 96 1.0
93 92 1.0
93 91 1.0
93 90 1.0
93 89 1.0
93 88 1.0
93 87 1.0
93 86 1.0
93 85 1.0
93 82 1.0
93 81 1.0
93 80 1.0
93 71 1.0
93 69 1.0
93 67 1.0
93 60 1.0
93 57 1.0
93 54 1.0
93 45 1.0
93 41 1.0
93 33 1.0
93 28 1.0
93 21 1.0
93 15 1.0
93 9 1.0
93 2 1.0
94 95 1.0
94 96 1.0
94 93 1.0
94 92 1.0
94 91 1.0
94 90 1.0
94 89 1.0
94 88 1.0
94 87 1.0
94 86 1.0
94 85 1.0
94 83 1.0
94 82 1.0
94 81 1.0
94 72 1.0
94 70 1.0
94 68 1.0
94 58 1.0
94 55 1.0
94 46 1.0
94 42 1.0
94 34 1.0
94 29 1.0
94 22 1.0
94 16 1.0
94 10 1.0
94 3 1.0
95 96 1.0
95 94 1.0
95 93 1.0
95 92 1.0
95 91 1.0
95 90 1.0
95 89 1.0
95 88 1.0
95 87 1.0
95 86 1.0
95 85 1.0
95 84 1.0
95 83 1.0
95 82 1.0
95 71 1.0
95 69 1.0
95 59 1.0
95 56 1.0
95 47 1.0
95 43 1.0
95 35 1.0
95 30 1.0
95 23 1.0
95 17 1.0
95 11 1.0
95 4 1.0
96 95 1.0
96 94 1.0
96 93 1.0
96 92 1.0
96 91 1.0
96 90 1.0
96 89 1.0
96 88 1.0
96 87 1.0
96 86 1.0
96 85 1.0
96 84 1.0
96 83 1.0
96 72 1.0
96 70 1.0
96 60 1.0
96 57 1.0
96 48 1.0
96 44 1.0
96 36 1.0
96 31 1.0
96 24 1.0
96 18 1.0
96 12 1.0
96 5 1.0