1 2 1.0
1 3 1.0
1 4 1.0
1 5 1.0
1 6 1.0
1 7 1.0
1 8 1.0
1 9 1.0
1 10 1.0
1 11 1.0
1 12 1.0
1 13 1.0
1 14 1.0
1 15 1.0
1 16 1.0
1 33 1.0
1 36 1.0
1 41 1.0
1 43 1.0
1 45 1.0
1 47 1.0
1 48 1.0
1 51 1.0
1 54 1.0
1 56 1.0
1 57 1.0
1 59 1.0
1 60 1.0
1 61 1.0
1 70 1.0
1 71 1.0
1 72 1.0
1 73 1.0
1 74 1.0
1 75 1.0
1 76 1.0
1 77 1.0
1 78 1.0
1 80 1.0
1 82 1.0
1 85 1.0
1 87 1.0
1 89 1.0
1 90 1.0
1 91 1.0
1 95 1.0
1 97 1.0
1 102 1.0
1 103 1.0
1 104 1.0
1 105 1.0
1 106 1.0
1 113 1.0
1 116 1.0
1 117 1.0
1 118 1.0
1 120 1.0
1 121 1.0
1 122 1.0
1 123 1.0
1 124 1.0
1 125 1.0
1 126 1.0
1 127 1.0
1 128 1.0
1 129 1.0
1 130 1.0
1 131 1.0
1 132 1.0
1 133 1.0
1 134 1.0
1 135 1.0
1 141 1.0
1 142 1.0
1 143 1.0
1 144 1.0
1 147 1.0
1 148 1.0
1 149 1.0
1 151 1.0
1 157 1.0
1 158 1.0
1 159 1.0
1 160 1.0
1 161 1.0
1 162 1.0
1 163 1.0
1 165 1.0
1 167 1.0
1 168 1.0
1 169 1.0
1 170 1.0
1 171 1.0
1 172 1.0
1 173 1.0
1 174 1.0
1 175 1.0
1 176 1.0
1 177 1.0
1 178 1.0
1 179 1.0
1 180 1.0
1 181 1.0
1 185 1.0
1 186 1.0
1 187 1.0
1 188 1.0
1 189 1.0
1 190 1.0
1 191 1.0
1 192 1.0
1 193 1.0
1 194 1.0
1 195 1.0
1 196 1.0
1 197 1.0
1 199 1.0
1 200 1.0
1 201 1.0
1 202 1.0
1 203 1.0
1 205 1.0
1 206 1.0
1 84 1.0
1 83 1.0
1 81 1.0
1 79 1.0
1 69 1.0
1 68 1.0
1 67 1.0
1 66 1.0
1 65 1.0
1 64 1.0
1 63 1.0
1 62 1.0
1 140 1.0
1 139 1.0
1 138 1.0
1 137 1.0
1 136 1.0
2 3 1.0
2 4 1.0
2 5 1.0
2 6 1.0
2 7 1.0
2 8 1.0
2 9 1.0
2 10 1.0
2 11 1.0
2 12 1.0
2 13 1.0
2 14 1.0
2 15 1.0
2 16 1.0
2 33 1.0
2 36 1.0
2 41 1.0
2 43 1.0
2 45 1.0
2 47 1.0
2 48 1.0
2 51 1.0
2 54 1.0
2 56 1.0
2 57 1.0
2 59 1.0
2 60 1.0
2 61 1.0
2 70 1.0
2 71 1.0
2 72 1.0
2 73 1.0
2 74 1.0
2 75 1.0
2 76 1.0
2 77 1.0
2 78 1.0
2 80 1.0
2 82 1.0
2 85 1.0
2 87 1.0
2 89 1.0
2 90 1.0
2 91 1.0
2 95 1.0
2 97 1.0
2 102 1.0
2 103 1.0
2 104 1.0
2 105 1.0
2 106 1.0
2 113 1.0
2 116 1.0
2 117 1.0
2 118 1.0
2 120 1.0
2 121 1.0
2 122 1.0
2 123 1.0
2 124 1.0
2 125 1.0
2 126 1.0
2 127 1.0
2 128 1.0
2 129 1.0
2 130 1.0
2 131 1.0
2 132 1.0
2 133 1.0
2 134 1.0
2 135 1.0
2 141 1.0
2 142 1.0
2 143 1.0
2 144 1.0
2 147 1.0
2 148 1.0
2 149 1.0
2 151 1.0
2 157 1.0
2 158 1.0
2 159 1.0
2 160 1.0
2 161 1.0
2 162 1.0
2 163 1.0
2 165 1.0
2 167 1.0
2 168 1.0
2 169 1.0
2 170 1.0
2 171 1.0
2 172 1.0
2 173 1.0
2 174 1.0
2 175 1.0
2 176 1.0
2 177 1.0
2 178 1.0
2 179 1.0
2 180 1.0
2 181 1.0
2 185 1.0
2 186 1.0
2 187 1.0
2 188 1.0
2 189 1.0
2 190 1.0
2 191 1.0
2 192 1.0
2 193 1.0
2 194 1.0
2 195 1.0
2 196 1.0
2 197 1.0
2 199 1.0
2 200 1.0
2 201 1.0
2 202 1.0
2 203 1.0
2 205 1.0
2 206 1.0
2 84 1.0
2 83 1.0
2 81 1.0
2 79 1.0
2 69 1.0
2 68 1.0
2 67 1.0
2 66 1.0
2 65 1.0
2 64 1.0
2 63 1.0
2 62 1.0
2 140 1.0
2 139 1.0
2 138 1.0
2 137 1.0
2 136 1.0
3 4 1.0
3 5 1.0
3 6 1.0
3 7 1.0
3 8 1.0
3 9 1.0
3 10 1.0
3 11 1.0
3 12 1.0
3 13 1.0
3 14 1.0
3 15 1.0
3 16 1.0
3 33 1.0
3 36 1.0
3 41 1.0
3 43 1.0
3 45 1.0
3 47 1.0
3 48 1.0
3 51 1.0
3 54 1.0
3 56 1.0
3 57 1.0
3 59 1.0
3 60 1.0
3 61 1.0
3 70 1.0
3 71 1.0
3 72 1.0
3 73 1.0
3 74 1.0
3 75 1.0
3 76 1.0
3 77 1.0
3 78 1.0
3 80 1.0
3 82 1.0
3 85 1.0
3 87 1.0
3 89 1.0
3 90 1.0
3 91 1.0
3 95 1.0
3 97 1.0
3 102 1.0
3 103 1.0
3 104 1.0
3 105 1.0
3 106 1.0
3 113 1.0
3 116 1.0
3 117 1.0
3 118 1.0
3 120 1.0
3 121 1.0
3 122 1.0
3 123 1.0
3 124 1.0
3 125 1.0
3 126 1.0
3 127 1.0
3 128 1.0
3 129 1.0
3 130 1.0
3 131 1.0
3 132 1.0
3 133 1.0
3 134 1.0
3 135 1.0
3 141 1.0
3 142 1.0
3 143 1.0
3 144 1.0
3 147 1.0
3 148 1.0
3 149 1.0
3 151 1.0
3 157 1.0
3 158 1.0
3 159 1.0
3 160 1.0
3 161 1.0
3 162 1.0
3 163 1.0
3 165 1.0
3 167 1.0
3 168 1.0
3 169 1.0
3 170 1.0
3 171 1.0
3 172 1.0
3 173 1.0
3 174 1.0
3 175 1.0
3 176 1.0
3 177 1.0
3 178 1.0
3 179 1.0
3 180 1.0
3 181 1.0
3 185 1.0
3 186 1.0
3 187 1.0
3 188 1.0
3 189 1.0
3 190 1.0
3 191 1.0
3 192 1.0
3 193 1.0
3 194 1.0
3 195 1.0
3 196 1.0
3 197 1.0
3 199 1.0
3 200 1.0
3 201 1.0
3 202 1.0
3 203 1.0
3 205 1.0
3 206 1.0
3 84 1.0
3 83 1.0
3 81 1.0
3 79 1.0
3 69 1.0
3 68 1.0
3 67 1.0
3 66 1.0
3 65 1.0
3 64 1.0
3 63 1.0
3 62 1.0
4 5 1.0
4 6 1.0
4 7 1.0
4 8 1.0
4 9 1.0
4 10 1.0
4 11 1.0
4 12 1.0
4 13 1.0
4 14 1.0
4 15 1.0
4 16 1.0
4 33 1.0
4 36 1.0
4 41 1.0
4 43 1.0
4 45 1.0
4 47 1.0
4 48 1.0
4 51 1.0
4 54 1.0
4 56 1.0
4 57 1.0
4 59 1.0
4 60 1.0
4 61 1.0
4 70 1.0
4 71 1.0
4 72 1.0
4 73 1.0
4 74 1.0
4 75 1.0
4 76 1.0
4 77 1.0
4 78 1.0
4 80 1.0
4 82 1.0
4 85 1.0
4 87 1.0
4 89 1.0
4 90 1.0
4 91 1.0
4 95 1.0
4 97 1.0
4 102 1.0
4 103 1.0
4 104 1.0
4 105 1.0
4 106 1.0
4 113 1.0
4 116 1.0
4 117 1.0
4 118 1.0
4 120 1.0
4 121 1.0
4 122 1.0
4 123 1.0
4 124 1.0
4 125 1.0
4 126 1.0
4 127 1.0
4 128 1.0
4 129 1.0
4 130 1.0
4 131 1.0
4 132 1.0
4 133 1.0
4 134 1.0
4 135 1.0
4 141 1.0
4 142 1.0
4 143 1.0
4 144 1.0
4 147 1.0
4 148 1.0
4 149 1.0
4 151 1.0
4 157 1.0
4 158 1.0
4 159 1.0
4 160 1.0
4 161 1.0
4 162 1.0
4 163 1.0
4 165 1.0
4 167 1.0
4 168 1.0
4 169 1.0
4 170 1.0
4 171 1.0
4 172 1.0
4 173 1.0
4 174 1.0
4 175 1.0
4 176 1.0
4 177 1.0
4 178 1.0
4 179 1.0
4 180 1.0
4 181 1.0
4 185 1.0
4 186 1.0
4 187 1.0
4 188 1.0
4 189 1.0
4 190 1.0
4 191 1.0
4 192 1.0
4 193 1.0
4 194 1.0
4 195 1.0
4 196 1.0
4 197 1.0
4 199 1.0
4 200 1.0
4 201 1.0
4 202 1.0
4 203 1.0
4 205 1.0
4 206 1.0
5 6 1.0
5 7 1.0
5 8 1.0
5 9 1.0
5 10 1.0
5 11 1.0
5 12 1.0
5 13 1.0
5 14 1.0
5 15 1.0
5 16 1.0
5 33 1.0
5 36 1.0
5 41 1.0
5 43 1.0
5 45 1.0
5 47 1.0
5 48 1.0
5 51 1.0
5 54 1.0
5 56 1.0
5 57 1.0
5 59 1.0
5 60 1.0
5 61 1.0
5 70 1.0
5 71 1.0
5 72 1.0
5 73 1.0
5 74 1.0
5 75 1.0
5 76 1.0
5 77 1.0
5 78 1.0
5 80 1.0
5 82 1.0
5 85 1.0
5 87 1.0
5 89 1.0
5 90 1.0
5 91 1.0
5 95 1.0
5 97 1.0
5 102 1.0
5 103 1.0
5 104 1.0
5 105 1.0
5 106 1.0
5 113 1.0
5 116 1.0
5 117 1.0
5 118 1.0
5 120 1.0
5 121 1.0
5 122 1.0
5 123 1.0
5 124 1.0
5 125 1.0
5 126 1.0
5 127 1.0
5 128 1.0
5 129 1.0
5 130 1.0
5 131 1.0
5 132 1.0
5 133 1.0
5 134 1.0
5 135 1.0
5 141 1.0
5 142 1.0
5 143 1.0
5 144 1.0
5 147 1.0
5 148 1.0
5 149 1.0
5 151 1.0
5 157 1.0
5 158 1.0
5 159 1.0
5 160 1.0
5 161 1.0
5 162 1.0
5 163 1.0
5 165 1.0
5 167 1.0
5 168 1.0
5 169 1.0
5 170 1.0
5 171 1.0
5 172 1.0
5 173 1.0
5 174 1.0
5 175 1.0
5 176 1.0
5 177 1.0
5 178 1.0
5 179 1.0
5 180 1.0
5 181 1.0
5 185 1.0
5 186 1.0
5 187 1.0
5 188 1.0
5 189 1.0
5 190 1.0
5 191 1.0
5 192 1.0
5 193 1.0
5 194 1.0
5 195 1.0
5 196 1.0
5 197 1.0
5 199 1.0
5 200 1.0
5 201 1.0
5 202 1.0
5 203 1.0
5 205 1.0
5 206 1.0
5 62 1.0
5 140 1.0
6 7 1.0
6 8 1.0
6 9 1.0
6 10 1.0
6 11 1.0
6 12 1.0
6 13 1.0
6 14 1.0
6 15 1.0
6 16 1.0
6 33 1.0
6 36 1.0
6 41 1.0
6 43 1.0
6 45 1.0
6 47 1.0
6 48 1.0
6 51 1.0
6 54 1.0
6 56 1.0
6 57 1.0
6 59 1.0
6 60 1.0
6 61 1.0
6 70 1.0
6 71 1.0
6 72 1.0
6 73 1.0
6 74 1.0
6 75 1.0
6 76 1.0
6 77 1.0
6 78 1.0
6 80 1.0
6 82 1.0
6 85 1.0
6 87 1.0
6 89 1.0
6 90 1.0
6 91 1.0
6 95 1.0
6 97 1.0
6 102 1.0
6 103 1.0
6 104 1.0
6 105 1.0
6 106 1.0
6 113 1.0
6 116 1.0
6 117 1.0
6 118 1.0
6 120 1.0
6 121 1.0
6 122 1.0
6 123 1.0
6 124 1.0
6 125 1.0
6 126 1.0
6 127 1.0
6 128 1.0
6 129 1.0
6 130 1.0
6 131 1.0
6 132 1.0
6 133 1.0
6 134 1.0
6 135 1.0
6 141 1.0
6 142 1.0
6 143 1.0
6 144 1.0
6 147 1.0
6 148 1.0
6 149 1.0
6 151 1.0
6 157 1.0
6 158 1.0
6 159 1.0
6 160 1.0
6 161 1.0
6 162 1.0
6 163 1.0
6 165 1.0
6 167 1.0
6 168 1.0
6 169 1.0
6 170 1.0
6 171 1.0
6 172 1.0
6 173 1.0
6 174 1.0
6 175 1.0
6 176 1.0
6 177 1.0
6 178 1.0
6 179 1.0
6 180 1.0
6 181 1.0
6 185 1.0
6 186 1.0
6 187 1.0
6 188 1.0
6 189 1.0
6 190 1.0
6 191 1.0
6 192 1.0
6 193 1.0
6 194 1.0
6 195 1.0
6 196 1.0
6 197 1.0
6 199 1.0
6 200 1.0
6 201 1.0
6 202 1.0
6 203 1.0
6 205 1.0
6 206 1.0
6 63 1.0
6 62 1.0
6 139 1.0
6 140 1.0
7 8 1.0
7 9 1.0
7 10 1.0
7 11 1.0
7 12 1.0
7 13 1.0
7 14 1.0
7 15 1.0
7 16 1.0
7 33 1.0
7 36 1.0
7 41 1.0
7 43 1.0
7 45 1.0
7 47 1.0
7 48 1.0
7 51 1.0
7 54 1.0
7 56 1.0
7 57 1.0
7 59 1.0
7 60 1.0
7 61 1.0
7 70 1.0
7 71 1.0
7 72 1.0
7 73 1.0
7 74 1.0
7 75 1.0
7 76 1.0
7 77 1.0
7 78 1.0
7 80 1.0
7 82 1.0
7 85 1.0
7 87 1.0
7 89 1.0
7 90 1.0
7 91 1.0
7 95 1.0
7 97 1.0
7 102 1.0
7 103 1.0
7 104 1.0
7 105 1.0
7 106 1.0
7 113 1.0
7 116 1.0
7 117 1.0
7 118 1.0
7 120 1.0
7 121 1.0
7 122 1.0
7 123 1.0
7 124 1.0
7 125 1.0
7 126 1.0
7 127 1.0
7 128 1.0
7 129 1.0
7 130 1.0
7 131 1.0
7 132 1.0
7 133 1.0
7 134 1.0
7 135 1.0
7 141 1.0
7 142 1.0
7 143 1.0
7 144 1.0
7 147 1.0
7 148 1.0
7 149 1.0
7 151 1.0
7 157 1.0
7 158 1.0
7 159 1.0
7 160 1.0
7 161 1.0
7 162 1.0
7 163 1.0
7 165 1.0
7 167 1.0
7 168 1.0
7 169 1.0
7 170 1.0
7 171 1.0
7 172 1.0
7 173 1.0
7 174 1.0
7 175 1.0
7 176 1.0
7 177 1.0
7 178 1.0
7 179 1.0
7 180 1.0
7 181 1.0
7 185 1.0
7 186 1.0
7 187 1.0
7 188 1.0
7 189 1.0
7 190 1.0
7 191 1.0
7 192 1.0
7 193 1.0
7 194 1.0
7 195 1.0
7 196 1.0
7 197 1.0
7 199 1.0
7 200 1.0
7 201 1.0
7 202 1.0
7 203 1.0
7 205 1.0
7 206 1.0
7 64 1.0
7 63 1.0
7 62 1.0
7 138 1.0
7 139 1.0
7 140 1.0
8 9 1.0
8 10 1.0
8 11 1.0
8 12 1.0
8 13 1.0
8 14 1.0
8 15 1.0
8 16 1.0
8 33 1.0
8 36 1.0
8 41 1.0
8 43 1.0
8 45 1.0
8 47 1.0
8 48 1.0
8 51 1.0
8 54 1.0
8 56 1.0
8 57 1.0
8 59 1.0
8 60 1.0
8 61 1.0
8 70 1.0
8 71 1.0
8 72 1.0
8 73 1.0
8 74 1.0
8 75 1.0
8 76 1.0
8 77 1.0
8 78 1.0
8 80 1.0
8 82 1.0
8 85 1.0
8 87 1.0
8 89 1.0
8 90 1.0
8 91 1.0
8 95 1.0
8 97 1.0
8 102 1.0
8 103 1.0
8 104 1.0
8 105 1.0
8 106 1.0
8 113 1.0
8 116 1.0
8 117 1.0
8 118 1.0
8 120 1.0
8 121 1.0
8 122 1.0
8 123 1.0
8 124 1.0
8 125 1.0
8 126 1.0
8 127 1.0
8 128 1.0
8 129 1.0
8 130 1.0
8 131 1.0
8 132 1.0
8 133 1.0
8 134 1.0
8 135 1.0
8 141 1.0
8 142 1.0
8 143 1.0
8 144 1.0
8 147 1.0
8 148 1.0
8 149 1.0
8 151 1.0
8 157 1.0
8 158 1.0
8 159 1.0
8 160 1.0
8 161 1.0
8 162 1.0
8 163 1.0
8 165 1.0
8 167 1.0
8 168 1.0
8 169 1.0
8 170 1.0
8 171 1.0
8 172 1.0
8 173 1.0
8 174 1.0
8 175 1.0
8 176 1.0
8 177 1.0
8 178 1.0
8 179 1.0
8 180 1.0
8 181 1.0
8 185 1.0
8 186 1.0
8 187 1.0
8 188 1.0
8 189 1.0
8 190 1.0
8 191 1.0
8 192 1.0
8 193 1.0
8 194 1.0
8 195 1.0
8 196 1.0
8 197 1.0
8 199 1.0
8 200 1.0
8 201 1.0
8 202 1.0
8 203 1.0
8 205 1.0
8 206 1.0
8 65 1.0
8 64 1.0
8 63 1.0
8 62 1.0
8 137 1.0
8 138 1.0
8 139 1.0
8 140 1.0
9 10 1.0
9 11 1.0
9 12 1.0
9 13 1.0
9 14 1.0
9 15 1.0
9 16 1.0
9 33 1.0
9 36 1.0
9 41 1.0
9 43 1.0
9 45 1.0
9 47 1.0
9 48 1.0
9 51 1.0
9 54 1.0
9 56 1.0
9 57 1.0
9 59 1.0
9 60 1.0
9 61 1.0
9 70 1.0
9 71 1.0
9 72 1.0
9 73 1.0
9 74 1.0
9 75 1.0
9 76 1.0
9 77 1.0
9 78 1.0
9 80 1.0
9 82 1.0
9 85 1.0
9 87 1.0
9 89 1.0
9 90 1.0
9 91 1.0
9 95 1.0
9 97 1.0
9 102 1.0
9 103 1.0
9 104 1.0
9 105 1.0
9 106 1.0
9 113 1.0
9 116 1.0
9 117 1.0
9 118 1.0
9 120 1.0
9 121 1.0
9 122 1.0
9 123 1.0
9 124 1.0
9 125 1.0
9 126 1.0
9 127 1.0
9 128 1.0
9 129 1.0
9 130 1.0
9 131 1.0
9 132 1.0
9 133 1.0
9 134 1.0
9 135 1.0
9 141 1.0
9 142 1.0
9 143 1.0
9 144 1.0
9 147 1.0
9 148 1.0
9 149 1.0
9 151 1.0
9 157 1.0
9 158 1.0
9 159 1.0
9 160 1.0
9 161 1.0
9 162 1.0
9 163 1.0
9 165 1.0
9 167 1.0
9 168 1.0
9 169 1.0
9 170 1.0
9 171 1.0
9 172 1.0
9 173 1.0
9 174 1.0
9 175 1.0
9 176 1.0
9 177 1.0
9 178 1.0
9 179 1.0
9 180 1.0
9 181 1.0
9 185 1.0
9 186 1.0
9 187 1.0
9 188 1.0
9 189 1.0
9 190 1.0
9 191 1.0
9 192 1.0
9 193 1.0
9 194 1.0
9 195 1.0
9 196 1.0
9 197 1.0
9 199 1.0
9 200 1.0
9 201 1.0
9 202 1.0
9 203 1.0
9 205 1.0
9 206 1.0
9 66 1.0
9 65 1.0
9 64 1.0
9 63 1.0
9 62 1.0
9 136 1.0
9 137 1.0
9 138 1.0
9 139 1.0
9 140 1.0
10 11 1.0
10 12 1.0
10 13 1.0
10 14 1.0
10 15 1.0
10 16 1.0
10 33 1.0
10 36 1.0
10 41 1.0
10 43 1.0
10 45 1.0
10 47 1.0
10 48 1.0
10 51 1.0
10 54 1.0
10 56 1.0
10 57 1.0
10 59 1.0
10 60 1.0
10 61 1.0
10 70 1.0
10 71 1.0
10 72 1.0
10 73 1.0
10 74 1.0
10 75 1.0
10 76 1.0
10 77 1.0
10 78 1.0
10 80 1.0
10 82 1.0
10 85 1.0
10 87 1.0
10 89 1.0
10 90 1.0
10 91 1.0
10 95 1.0
10 97 1.0
10 102 1.0
10 103 1.0
10 104 1.0
10 105 1.0
10 106 1.0
10 113 1.0
10 116 1.0
10 117 1.0
10 118 1.0
10 120 1.0
10 121 1.0
10 122 1.0
10 123 1.0
10 124 1.0
10 125 1.0
10 126 1.0
10 127 1.0
10 128 1.0
10 129 1.0
10 130 1.0
10 131 1.0
10 132 1.0
10 133 1.0
10 134 1.0
10 135 1.0
10 141 1.0
10 142 1.0
10 143 1.0
10 144 1.0
10 147 1.0
10 148 1.0
10 149 1.0
10 151 1.0
10 157 1.0
10 158 1.0
10 159 1.0
10 160 1.0
10 161 1.0
10 162 1.0
10 163 1.0
10 165 1.0
10 167 1.0
10 168 1.0
10 169 1.0
10 170 1.0
10 171 1.0
10 172 1.0
10 173 1.0
10 174 1.0
10 175 1.0
10 176 1.0
10 177 1.0
10 178 1.0
10 179 1.0
10 180 1.0
10 181 1.0
10 185 1.0
10 186 1.0
10 187 1.0
10 188 1.0
10 189 1.0
10 190 1.0
10 191 1.0
10 192 1.0
10 193 1.0
10 194 1.0
10 195 1.0
10 196 1.0
10 197 1.0
10 199 1.0
10 200 1.0
10 201 1.0
10 202 1.0
10 203 1.0
10 205 1.0
10 206 1.0
10 67 1.0
10 66 1.0
10 65 1.0
10 64 1.0
10 63 1.0
10 62 1.0
10 136 1.0
10 137 1.0
10 138 1.0
10 139 1.0
10 140 1.0
11 12 1.0
11 13 1.0
11 14 1.0
11 15 1.0
11 16 1.0
11 33 1.0
11 36 1.0
11 41 1.0
11 43 1.0
11 45 1.0
11 47 1.0
11 48 1.0
11 51 1.0
11 54 1.0
11 56 1.0
11 57 1.0
11 59 1.0
11 60 1.0
11 61 1.0
11 70 1.0
11 71 1.0
11 72 1.0
11 73 1.0
11 74 1.0
11 75 1.0
11 76 1.0
11 77 1.0
11 78 1.0
11 80 1.0
11 82 1.0
11 85 1.0
11 87 1.0
11 89 1.0
11 90 1.0
11 91 1.0
11 95 1.0
11 97 1.0
11 102 1.0
11 103 1.0
11 104 1.0
11 105 1.0
11 106 1.0
11 113 1.0
11 116 1.0
11 117 1.0
11 118 1.0
11 120 1.0
11 121 1.0
11 122 1.0
11 123 1.0
11 124 1.0
11 125 1.0
11 126 1.0
11 127 1.0
11 128 1.0
11 129 1.0
11 130 1.0
11 131 1.0
11 132 1.0
11 133 1.0
11 134 1.0
11 135 1.0
11 141 1.0
11 142 1.0
11 143 1.0
11 144 1.0
11 147 1.0
11 148 1.0
11 149 1.0
11 151 1.0
11 157 1.0
11 158 1.0
11 159 1.0
11 160 1.0
11 161 1.0
11 162 1.0
11 163 1.0
11 165 1.0
11 167 1.0
11 168 1.0
11 169 1.0
11 170 1.0
11 171 1.0
11 172 1.0
11 173 1.0
11 174 1.0
11 175 1.0
11 176 1.0
11 177 1.0
11 178 1.0
11 179 1.0
11 180 1.0
11 181 1.0
11 185 1.0
11 186 1.0
11 187 1.0
11 188 1.0
11 189 1.0
11 190 1.0
11 191 1.0
11 192 1.0
11 193 1.0
11 194 1.0
11 195 1.0
11 196 1.0
11 197 1.0
11 199 1.0
11 200 1.0
11 201 1.0
11 202 1.0
11 203 1.0
11 205 1.0
11 206 1.0
11 69 1.0
11 68 1.0
11 67 1.0
11 66 1.0
11 65 1.0
11 64 1.0
11 63 1.0
11 62 1.0
11 84 1.0
11 83 1.0
11 81 1.0
11 79 1.0
12 13 1.0
12 14 1.0
12 15 1.0
12 16 1.0
12 33 1.0
12 36 1.0
12 41 1.0
12 43 1.0
12 45 1.0
12 47 1.0
12 48 1.0
12 51 1.0
12 54 1.0
12 56 1.0
12 57 1.0
12 59 1.0
12 60 1.0
12 61 1.0
12 70 1.0
12 71 1.0
12 72 1.0
12 73 1.0
12 74 1.0
12 75 1.0
12 76 1.0
12 77 1.0
12 78 1.0
12 80 1.0
12 82 1.0
12 85 1.0
12 87 1.0
12 89 1.0
12 90 1.0
12 91 1.0
12 95 1.0
12 97 1.0
12 102 1.0
12 103 1.0
12 104 1.0
12 105 1.0
12 106 1.0
12 113 1.0
12 116 1.0
12 117 1.0
12 118 1.0
12 120 1.0
12 121 1.0
12 122 1.0
12 123 1.0
12 124 1.0
12 125 1.0
12 126 1.0
12 127 1.0
12 128 1.0
12 129 1.0
12 130 1.0
12 131 1.0
12 132 1.0
12 133 1.0
12 134 1.0
12 135 1.0
12 141 1.0
12 142 1.0
12 143 1.0
12 144 1.0
12 147 1.0
12 148 1.0
12 149 1.0
12 151 1.0
12 157 1.0
12 158 1.0
12 159 1.0
12 160 1.0
12 161 1.0
12 162 1.0
12 163 1.0
12 165 1.0
12 167 1.0
12 168 1.0
12 169 1.0
12 170 1.0
12 171 1.0
12 172 1.0
12 173 1.0
12 174 1.0
12 175 1.0
12 176 1.0
12 177 1.0
12 178 1.0
12 179 1.0
12 180 1.0
12 181 1.0
12 185 1.0
12 186 1.0
12 187 1.0
12 188 1.0
12 189 1.0
12 190 1.0
12 191 1.0
12 192 1.0
12 193 1.0
12 194 1.0
12 195 1.0
12 196 1.0
12 197 1.0
12 199 1.0
12 200 1.0
12 201 1.0
12 202 1.0
12 203 1.0
12 205 1.0
12 206 1.0
12 79 1.0
12 69 1.0
12 68 1.0
12 67 1.0
12 66 1.0
12 65 1.0
12 64 1.0
12 63 1.0
12 62 1.0
12 84 1.0
12 83 1.0
12 81 1.0
13 14 1.0
13 15 1.0
13 16 1.0
13 33 1.0
13 36 1.0
13 41 1.0
13 43 1.0
13 45 1.0
13 47 1.0
13 48 1.0
13 51 1.0
13 54 1.0
13 56 1.0
13 57 1.0
13 59 1.0
13 60 1.0
13 61 1.0
13 70 1.0
13 71 1.0
13 72 1.0
13 73 1.0
13 74 1.0
13 75 1.0
13 76 1.0
13 77 1.0
13 78 1.0
13 80 1.0
13 82 1.0
13 85 1.0
13 87 1.0
13 89 1.0
13 90 1.0
13 91 1.0
13 95 1.0
13 97 1.0
13 102 1.0
13 103 1.0
13 104 1.0
13 105 1.0
13 106 1.0
13 113 1.0
13 116 1.0
13 117 1.0
13 118 1.0
13 120 1.0
13 121 1.0
13 122 1.0
13 123 1.0
13 124 1.0
13 125 1.0
13 126 1.0
13 127 1.0
13 128 1.0
13 129 1.0
13 130 1.0
13 131 1.0
13 132 1.0
13 133 1.0
13 134 1.0
13 135 1.0
13 141 1.0
13 142 1.0
13 143 1.0
13 144 1.0
13 147 1.0
13 148 1.0
13 149 1.0
13 151 1.0
13 157 1.0
13 158 1.0
13 159 1.0
13 160 1.0
13 161 1.0
13 162 1.0
13 163 1.0
13 165 1.0
13 167 1.0
13 168 1.0
13 169 1.0
13 170 1.0
13 171 1.0
13 172 1.0
13 173 1.0
13 174 1.0
13 175 1.0
13 176 1.0
13 177 1.0
13 178 1.0
13 179 1.0
13 180 1.0
13 181 1.0
13 185 1.0
13 186 1.0
13 187 1.0
13 188 1.0
13 189 1.0
13 190 1.0
13 191 1.0
13 192 1.0
13 193 1.0
13 194 1.0
13 195 1.0
13 196 1.0
13 197 1.0
13 199 1.0
13 200 1.0
13 201 1.0
13 202 1.0
13 203 1.0
13 205 1.0
13 206 1.0
13 81 1.0
13 79 1.0
13 69 1.0
13 68 1.0
13 67 1.0
13 66 1.0
13 65 1.0
13 64 1.0
13 63 1.0
13 62 1.0
13 84 1.0
13 83 1.0
14 15 1.0
14 16 1.0
14 33 1.0
14 36 1.0
14 41 1.0
14 43 1.0
14 45 1.0
14 47 1.0
14 48 1.0
14 51 1.0
14 54 1.0
14 56 1.0
14 57 1.0
14 59 1.0
14 60 1.0
14 61 1.0
14 70 1.0
14 71 1.0
14 72 1.0
14 73 1.0
14 74 1.0
14 75 1.0
14 76 1.0
14 77 1.0
14 78 1.0
14 80 1.0
14 82 1.0
14 85 1.0
14 87 1.0
14 89 1.0
14 90 1.0
14 91 1.0
14 95 1.0
14 97 1.0
14 102 1.0
14 103 1.0
14 104 1.0
14 105 1.0
14 106 1.0
14 113 1.0
14 116 1.0
14 117 1.0
14 118 1.0
14 120 1.0
14 121 1.0
14 122 1.0
14 123 1.0
14 124 1.0
14 125 1.0
14 126 1.0
14 127 1.0
14 128 1.0
14 129 1.0
14 130 1.0
14 131 1.0
14 132 1.0
14 133 1.0
14 134 1.0
14 135 1.0
14 141 1.0
14 142 1.0
14 143 1.0
14 144 1.0
14 147 1.0
14 148 1.0
14 149 1.0
14 151 1.0
14 157 1.0
14 158 1.0
14 159 1.0
14 160 1.0
14 161 1.0
14 162 1.0
14 163 1.0
14 165 1.0
14 167 1.0
14 168 1.0
14 169 1.0
14 170 1.0
14 171 1.0
14 172 1.0
14 173 1.0
14 174 1.0
14 175 1.0
14 176 1.0
14 177 1.0
14 178 1.0
14 179 1.0
14 180 1.0
14 181 1.0
14 185 1.0
14 186 1.0
14 187 1.0
14 188 1.0
14 189 1.0
14 190 1.0
14 191 1.0
14 192 1.0
14 193 1.0
14 194 1.0
14 195 1.0
14 196 1.0
14 197 1.0
14 199 1.0
14 200 1.0
14 201 1.0
14 202 1.0
14 203 1.0
14 205 1.0
14 206 1.0
14 83 1.0
14 81 1.0
14 79 1.0
14 69 1.0
14 68 1.0
14 67 1.0
14 66 1.0
14 65 1.0
14 64 1.0
14 63 1.0
14 62 1.0
14 84 1.0
15 16 1.0
15 33 1.0
15 36 1.0
15 41 1.0
15 43 1.0
15 45 1.0
15 47 1.0
15 48 1.0
15 51 1.0
15 54 1.0
15 56 1.0
15 57 1.0
15 59 1.0
15 60 1.0
15 61 1.0
15 70 1.0
15 71 1.0
15 72 1.0
15 73 1.0
15 74 1.0
15 75 1.0
15 76 1.0
15 77 1.0
15 78 1.0
15 80 1.0
15 82 1.0
15 85 1.0
15 87 1.0
15 89 1.0
15 90 1.0
15 91 1.0
15 95 1.0
15 97 1.0
15 102 1.0
15 103 1.0
15 104 1.0
15 105 1.0
15 106 1.0
15 113 1.0
15 116 1.0
15 117 1.0
15 118 1.0
15 120 1.0
15 121 1.0
15 122 1.0
15 123 1.0
15 124 1.0
15 125 1.0
15 126 1.0
15 127 1.0
15 128 1.0
15 129 1.0
15 130 1.0
15 131 1.0
15 132 1.0
15 133 1.0
15 134 1.0
15 135 1.0
15 141 1.0
15 142 1.0
15 143 1.0
15 144 1.0
15 147 1.0
15 148 1.0
15 149 1.0
15 151 1.0
15 157 1.0
15 158 1.0
15 159 1.0
15 160 1.0
15 161 1.0
15 162 1.0
15 163 1.0
15 165 1.0
15 167 1.0
15 168 1.0
15 169 1.0
15 170 1.0
15 171 1.0
15 172 1.0
15 173 1.0
15 174 1.0
15 175 1.0
15 176 1.0
15 177 1.0
15 178 1.0
15 179 1.0
15 180 1.0
15 181 1.0
15 185 1.0
15 186 1.0
15 187 1.0
15 188 1.0
15 189 1.0
15 190 1.0
15 191 1.0
15 192 1.0
15 193 1.0
15 194 1.0
15 195 1.0
15 196 1.0
15 197 1.0
15 199 1.0
15 200 1.0
15 201 1.0
15 202 1.0
15 203 1.0
15 205 1.0
15 206 1.0
15 84 1.0
15 83 1.0
15 81 1.0
15 79 1.0
15 69 1.0
15 68 1.0
15 67 1.0
16 33 1.0
16 36 1.0
16 41 1.0
16 43 1.0
16 45 1.0
16 47 1.0
16 48 1.0
16 51 1.0
16 54 1.0
16 56 1.0
16 57 1.0
16 59 1.0
16 60 1.0
16 61 1.0
16 70 1.0
16 71 1.0
16 72 1.0
16 73 1.0
16 74 1.0
16 75 1.0
16 76 1.0
16 77 1.0
16 78 1.0
16 80 1.0
16 82 1.0
16 85 1.0
16 87 1.0
16 89 1.0
16 90 1.0
16 91 1.0
16 95 1.0
16 97 1.0
16 102 1.0
16 103 1.0
16 104 1.0
16 105 1.0
16 106 1.0
16 113 1.0
16 116 1.0
16 117 1.0
16 118 1.0
16 120 1.0
16 121 1.0
16 122 1.0
16 123 1.0
16 124 1.0
16 125 1.0
16 126 1.0
16 127 1.0
16 128 1.0
16 129 1.0
16 130 1.0
16 131 1.0
16 132 1.0
16 133 1.0
16 134 1.0
16 135 1.0
16 141 1.0
16 142 1.0
16 143 1.0
16 144 1.0
16 147 1.0
16 148 1.0
16 149 1.0
16 151 1.0
16 157 1.0
16 158 1.0
16 159 1.0
16 160 1.0
16 161 1.0
16 162 1.0
16 163 1.0
16 165 1.0
16 167 1.0
16 168 1.0
16 169 1.0
16 170 1.0
16 171 1.0
16 172 1.0
16 173 1.0
16 174 1.0
16 175 1.0
16 176 1.0
16 177 1.0
16 178 1.0
16 179 1.0
16 180 1.0
16 181 1.0
16 185 1.0
16 186 1.0
16 187 1.0
16 188 1.0
16 189 1.0
16 190 1.0
16 191 1.0
16 192 1.0
16 193 1.0
16 194 1.0
16 195 1.0
16 196 1.0
16 197 1.0
16 199 1.0
16 200 1.0
16 201 1.0
16 202 1.0
16 203 1.0
16 205 1.0
16 206 1.0
16 68 1.0
16 67 1.0
16 66 1.0
16 65 1.0
16 64 1.0
16 63 1.0
16 62 1.0
16 84 1.0
16 83 1.0
16 81 1.0
16 79 1.0
16 69 1.0
16 136 1.0
16 137 1.0
16 138 1.0
16 139 1.0
16 140 1.0
17 18 1.0
17 19 1.0
17 20 1.0
17 21 1.0
17 22 1.0
17 23 1.0
17 24 1.0
17 25 1.0
17 26 1.0
17 27 1.0
17 28 1.0
17 29 1.0
17 30 1.0
17 31 1.0
17 32 1.0
17 62 1.0
17 63 1.0
17 64 1.0
17 65 1.0
17 66 1.0
17 67 1.0
17 68 1.0
17 69 1.0
17 79 1.0
17 81 1.0
17 83 1.0
17 84 1.0
17 136 1.0
17 137 1.0
17 138 1.0
17 139 1.0
17 140 1.0
17 47 1.0
17 85 1.0
17 82 1.0
17 80 1.0
17 78 1.0
17 77 1.0
17 76 1.0
17 75 1.0
17 74 1.0
17 73 1.0
17 72 1.0
17 71 1.0
17 70 1.0
17 91 1.0
17 90 1.0
17 89 1.0
17 87 1.0
17 97 1.0
17 51 1.0
17 95 1.0
17 48 1.0
17 36 1.0
17 33 1.0
17 102 1.0
17 45 1.0
17 43 1.0
17 54 1.0
17 41 1.0
17 105 1.0
17 104 1.0
17 103 1.0
17 60 1.0
17 59 1.0
17 206 1.0
17 205 1.0
17 123 1.0
17 122 1.0
17 121 1.0
17 120 1.0
17 61 1.0
17 118 1.0
17 117 1.0
17 116 1.0
17 135 1.0
17 134 1.0
17 133 1.0
17 132 1.0
17 131 1.0
17 130 1.0
17 129 1.0
17 128 1.0
17 127 1.0
17 126 1.0
17 125 1.0
17 124 1.0
17 144 1.0
17 143 1.0
17 142 1.0
17 141 1.0
17 159 1.0
17 158 1.0
17 157 1.0
17 160 1.0
17 57 1.0
17 203 1.0
17 202 1.0
17 201 1.0
17 200 1.0
17 199 1.0
17 56 1.0
17 197 1.0
17 196 1.0
17 195 1.0
17 194 1.0
17 193 1.0
17 192 1.0
17 191 1.0
17 190 1.0
17 189 1.0
17 188 1.0
17 187 1.0
17 186 1.0
17 185 1.0
17 176 1.0
17 175 1.0
17 174 1.0
17 173 1.0
17 172 1.0
17 171 1.0
17 170 1.0
17 169 1.0
17 168 1.0
17 167 1.0
17 181 1.0
17 180 1.0
17 179 1.0
17 178 1.0
17 177 1.0
17 148 1.0
17 147 1.0
17 151 1.0
17 149 1.0
17 165 1.0
17 163 1.0
17 162 1.0
17 161 1.0
17 113 1.0
17 106 1.0
18 19 1.0
18 20 1.0
18 21 1.0
18 22 1.0
18 23 1.0
18 24 1.0
18 25 1.0
18 26 1.0
18 27 1.0
18 28 1.0
18 29 1.0
18 30 1.0
18 31 1.0
18 32 1.0
18 62 1.0
18 63 1.0
18 64 1.0
18 65 1.0
18 66 1.0
18 67 1.0
18 68 1.0
18 69 1.0
18 79 1.0
18 81 1.0
18 83 1.0
18 84 1.0
18 136 1.0
18 137 1.0
18 138 1.0
18 139 1.0
18 140 1.0
19 20 1.0
19 21 1.0
19 22 1.0
19 23 1.0
19 24 1.0
19 25 1.0
19 26 1.0
19 27 1.0
19 28 1.0
19 29 1.0
19 30 1.0
19 31 1.0
19 32 1.0
19 62 1.0
19 63 1.0
19 64 1.0
19 65 1.0
19 66 1.0
19 67 1.0
19 68 1.0
19 69 1.0
19 79 1.0
19 81 1.0
19 83 1.0
19 84 1.0
19 136 1.0
19 137 1.0
19 138 1.0
19 139 1.0
19 140 1.0
19 70 1.0
19 135 1.0
20 21 1.0
20 22 1.0
20 23 1.0
20 24 1.0
20 25 1.0
20 26 1.0
20 27 1.0
20 28 1.0
20 29 1.0
20 30 1.0
20 31 1.0
20 32 1.0
20 62 1.0
20 63 1.0
20 64 1.0
20 65 1.0
20 66 1.0
20 67 1.0
20 68 1.0
20 69 1.0
20 79 1.0
20 81 1.0
20 83 1.0
20 84 1.0
20 136 1.0
20 137 1.0
20 138 1.0
20 139 1.0
20 140 1.0
20 71 1.0
20 70 1.0
20 134 1.0
20 135 1.0
21 22 1.0
21 23 1.0
21 24 1.0
21 25 1.0
21 26 1.0
21 27 1.0
21 28 1.0
21 29 1.0
21 30 1.0
21 31 1.0
21 32 1.0
21 62 1.0
21 63 1.0
21 64 1.0
21 65 1.0
21 66 1.0
21 67 1.0
21 68 1.0
21 69 1.0
21 79 1.0
21 81 1.0
21 83 1.0
21 84 1.0
21 136 1.0
21 137 1.0
21 138 1.0
21 139 1.0
21 140 1.0
21 72 1.0
21 71 1.0
21 70 1.0
21 133 1.0
21 134 1.0
21 135 1.0
22 23 1.0
22 24 1.0
22 25 1.0
22 26 1.0
22 27 1.0
22 28 1.0
22 29 1.0
22 30 1.0
22 31 1.0
22 32 1.0
22 62 1.0
22 63 1.0
22 64 1.0
22 65 1.0
22 66 1.0
22 67 1.0
22 68 1.0
22 69 1.0
22 79 1.0
22 81 1.0
22 83 1.0
22 84 1.0
22 136 1.0
22 137 1.0
22 138 1.0
22 139 1.0
22 140 1.0
22 73 1.0
22 72 1.0
22 71 1.0
22 70 1.0
22 132 1.0
22 133 1.0
22 134 1.0
22 135 1.0
23 24 1.0
23 25 1.0
23 26 1.0
23 27 1.0
23 28 1.0
23 29 1.0
23 30 1.0
23 31 1.0
23 32 1.0
23 62 1.0
23 63 1.0
23 64 1.0
23 65 1.0
23 66 1.0
23 67 1.0
23 68 1.0
23 69 1.0
23 79 1.0
23 81 1.0
23 83 1.0
23 84 1.0
23 136 1.0
23 137 1.0
23 138 1.0
23 139 1.0
23 140 1.0
23 74 1.0
23 73 1.0
23 72 1.0
23 71 1.0
23 70 1.0
23 131 1.0
23 132 1.0
23 133 1.0
23 134 1.0
23 135 1.0
24 25 1.0
24 26 1.0
24 27 1.0
24 28 1.0
24 29 1.0
24 30 1.0
24 31 1.0
24 32 1.0
24 62 1.0
24 63 1.0
24 64 1.0
24 65 1.0
24 66 1.0
24 67 1.0
24 68 1.0
24 69 1.0
24 79 1.0
24 81 1.0
24 83 1.0
24 84 1.0
24 136 1.0
24 137 1.0
24 138 1.0
24 139 1.0
24 140 1.0
24 75 1.0
24 74 1.0
24 73 1.0
24 72 1.0
24 71 1.0
24 70 1.0
24 130 1.0
24 131 1.0
24 132 1.0
24 133 1.0
24 134 1.0
24 135 1.0
25 26 1.0
25 27 1.0
25 28 1.0
25 29 1.0
25 30 1.0
25 31 1.0
25 32 1.0
25 62 1.0
25 63 1.0
25 64 1.0
25 65 1.0
25 66 1.0
25 67 1.0
25 68 1.0
25 69 1.0
25 79 1.0
25 81 1.0
25 83 1.0
25 84 1.0
25 136 1.0
25 137 1.0
25 138 1.0
25 139 1.0
25 140 1.0
25 76 1.0
25 75 1.0
25 74 1.0
25 73 1.0
25 72 1.0
25 71 1.0
25 70 1.0
25 129 1.0
25 130 1.0
25 131 1.0
25 132 1.0
25 133 1.0
25 134 1.0
25 135 1.0
26 27 1.0
26 28 1.0
26 29 1.0
26 30 1.0
26 31 1.0
26 32 1.0
26 62 1.0
26 63 1.0
26 64 1.0
26 65 1.0
26 66 1.0
26 67 1.0
26 68 1.0
26 69 1.0
26 79 1.0
26 81 1.0
26 83 1.0
26 84 1.0
26 136 1.0
26 137 1.0
26 138 1.0
26 139 1.0
26 140 1.0
26 77 1.0
26 76 1.0
26 75 1.0
26 74 1.0
26 73 1.0
26 72 1.0
26 71 1.0
26 70 1.0
26 128 1.0
26 129 1.0
26 130 1.0
26 131 1.0
26 132 1.0
26 133 1.0
26 134 1.0
26 135 1.0
27 28 1.0
27 29 1.0
27 30 1.0
27 31 1.0
27 32 1.0
27 62 1.0
27 63 1.0
27 64 1.0
27 65 1.0
27 66 1.0
27 67 1.0
27 68 1.0
27 69 1.0
27 79 1.0
27 81 1.0
27 83 1.0
27 84 1.0
27 136 1.0
27 137 1.0
27 138 1.0
27 139 1.0
27 140 1.0
27 97 1.0
27 95 1.0
27 48 1.0
27 36 1.0
27 33 1.0
27 47 1.0
27 102 1.0
27 45 1.0
27 43 1.0
27 54 1.0
27 41 1.0
27 105 1.0
27 104 1.0
27 103 1.0
27 60 1.0
27 59 1.0
27 206 1.0
27 205 1.0
27 123 1.0
27 122 1.0
27 121 1.0
27 120 1.0
27 61 1.0
27 118 1.0
27 117 1.0
27 116 1.0
27 128 1.0
27 129 1.0
27 130 1.0
27 131 1.0
27 132 1.0
27 133 1.0
27 134 1.0
27 135 1.0
27 127 1.0
27 144 1.0
27 143 1.0
27 142 1.0
27 141 1.0
27 159 1.0
27 158 1.0
27 157 1.0
27 160 1.0
27 57 1.0
27 203 1.0
27 202 1.0
27 201 1.0
27 200 1.0
27 199 1.0
27 56 1.0
27 197 1.0
27 196 1.0
27 195 1.0
27 194 1.0
27 193 1.0
27 192 1.0
27 191 1.0
27 190 1.0
27 189 1.0
27 188 1.0
27 187 1.0
27 186 1.0
27 185 1.0
27 176 1.0
27 175 1.0
27 174 1.0
27 173 1.0
27 172 1.0
27 171 1.0
27 170 1.0
27 169 1.0
27 168 1.0
27 167 1.0
27 181 1.0
27 180 1.0
27 179 1.0
27 178 1.0
27 177 1.0
27 148 1.0
27 147 1.0
27 151 1.0
27 149 1.0
27 165 1.0
27 163 1.0
27 162 1.0
27 161 1.0
27 113 1.0
27 51 1.0
27 106 1.0
28 29 1.0
28 30 1.0
28 31 1.0
28 32 1.0
28 62 1.0
28 63 1.0
28 64 1.0
28 65 1.0
28 66 1.0
28 67 1.0
28 68 1.0
28 69 1.0
28 79 1.0
28 81 1.0
28 83 1.0
28 84 1.0
28 136 1.0
28 137 1.0
28 138 1.0
28 139 1.0
28 140 1.0
28 48 1.0
28 36 1.0
28 33 1.0
28 47 1.0
28 45 1.0
28 43 1.0
28 41 1.0
28 54 1.0
29 30 1.0
29 31 1.0
29 32 1.0
29 62 1.0
29 63 1.0
29 64 1.0
29 65 1.0
29 66 1.0
29 67 1.0
29 68 1.0
29 69 1.0
29 79 1.0
29 81 1.0
29 83 1.0
29 84 1.0
29 136 1.0
29 137 1.0
29 138 1.0
29 139 1.0
29 140 1.0
29 48 1.0
29 36 1.0
29 33 1.0
29 47 1.0
29 45 1.0
29 43 1.0
29 41 1.0
29 54 1.0
30 31 1.0
30 32 1.0
30 62 1.0
30 63 1.0
30 64 1.0
30 65 1.0
30 66 1.0
30 67 1.0
30 68 1.0
30 69 1.0
30 79 1.0
30 81 1.0
30 83 1.0
30 84 1.0
30 136 1.0
30 137 1.0
30 138 1.0
30 139 1.0
30 140 1.0
30 48 1.0
30 36 1.0
30 33 1.0
30 47 1.0
30 45 1.0
30 43 1.0
30 41 1.0
30 54 1.0
31 32 1.0
31 62 1.0
31 63 1.0
31 64 1.0
31 65 1.0
31 66 1.0
31 67 1.0
31 68 1.0
31 69 1.0
31 79 1.0
31 81 1.0
31 83 1.0
31 84 1.0
31 136 1.0
31 137 1.0
31 138 1.0
31 139 1.0
31 140 1.0
31 48 1.0
31 36 1.0
31 33 1.0
31 47 1.0
31 45 1.0
31 43 1.0
31 41 1.0
31 54 1.0
32 62 1.0
32 63 1.0
32 64 1.0
32 65 1.0
32 66 1.0
32 67 1.0
32 68 1.0
32 69 1.0
32 79 1.0
32 81 1.0
32 83 1.0
32 84 1.0
32 136 1.0
32 137 1.0
32 138 1.0
32 139 1.0
32 140 1.0
32 48 1.0
32 36 1.0
32 33 1.0
32 47 1.0
32 45 1.0
32 43 1.0
32 41 1.0
32 54 1.0
33 97 1.0
33 51 1.0
33 95 1.0
33 48 1.0
33 36 1.0
33 47 1.0
33 102 1.0
33 45 1.0
33 43 1.0
33 54 1.0
33 105 1.0
33 104 1.0
33 103 1.0
33 60 1.0
33 59 1.0
33 206 1.0
33 205 1.0
33 123 1.0
33 122 1.0
33 121 1.0
33 120 1.0
33 61 1.0
33 118 1.0
33 117 1.0
33 116 1.0
33 144 1.0
33 143 1.0
33 142 1.0
33 141 1.0
33 159 1.0
33 158 1.0
33 157 1.0
33 160 1.0
33 148 1.0
33 147 1.0
33 41 1.0
33 151 1.0
33 149 1.0
33 113 1.0
33 106 1.0
36 97 1.0
36 51 1.0
36 95 1.0
36 48 1.0
36 47 1.0
36 102 1.0
36 45 1.0
36 43 1.0
36 54 1.0
36 41 1.0
36 105 1.0
36 104 1.0
36 103 1.0
36 60 1.0
36 59 1.0
36 206 1.0
36 205 1.0
36 123 1.0
36 122 1.0
36 121 1.0
36 120 1.0
36 61 1.0
36 118 1.0
36 117 1.0
36 116 1.0
36 135 1.0
36 134 1.0
36 133 1.0
36 132 1.0
36 131 1.0
36 130 1.0
36 129 1.0
36 128 1.0
36 127 1.0
36 126 1.0
36 125 1.0
36 124 1.0
36 144 1.0
36 143 1.0
36 142 1.0
36 141 1.0
36 159 1.0
36 158 1.0
36 157 1.0
36 160 1.0
36 57 1.0
36 203 1.0
36 202 1.0
36 201 1.0
36 200 1.0
36 199 1.0
36 56 1.0
36 197 1.0
36 196 1.0
36 195 1.0
36 194 1.0
36 193 1.0
36 192 1.0
36 191 1.0
36 190 1.0
36 189 1.0
36 188 1.0
36 187 1.0
36 186 1.0
36 185 1.0
36 176 1.0
36 175 1.0
36 174 1.0
36 173 1.0
36 172 1.0
36 171 1.0
36 170 1.0
36 169 1.0
36 168 1.0
36 167 1.0
36 181 1.0
36 180 1.0
36 179 1.0
36 178 1.0
36 177 1.0
36 148 1.0
36 147 1.0
36 151 1.0
36 149 1.0
36 165 1.0
36 163 1.0
36 162 1.0
36 161 1.0
36 113 1.0
36 106 1.0
41 102 1.0
41 45 1.0
41 43 1.0
41 54 1.0
41 51 1.0
41 48 1.0
41 105 1.0
41 104 1.0
41 103 1.0
41 60 1.0
41 59 1.0
41 206 1.0
41 205 1.0
41 123 1.0
41 122 1.0
41 121 1.0
41 120 1.0
41 61 1.0
41 118 1.0
41 117 1.0
41 116 1.0
41 144 1.0
41 143 1.0
41 142 1.0
41 141 1.0
41 159 1.0
41 158 1.0
41 157 1.0
41 160 1.0
41 57 1.0
41 203 1.0
41 202 1.0
41 201 1.0
41 200 1.0
41 199 1.0
41 56 1.0
41 197 1.0
41 196 1.0
41 195 1.0
41 194 1.0
41 193 1.0
41 192 1.0
41 191 1.0
41 190 1.0
41 189 1.0
41 188 1.0
41 187 1.0
41 186 1.0
41 185 1.0
41 176 1.0
41 175 1.0
41 174 1.0
41 173 1.0
41 172 1.0
41 171 1.0
41 170 1.0
41 169 1.0
41 168 1.0
41 167 1.0
41 181 1.0
41 180 1.0
41 179 1.0
41 178 1.0
41 177 1.0
41 148 1.0
41 147 1.0
41 151 1.0
41 149 1.0
41 165 1.0
41 163 1.0
41 162 1.0
41 161 1.0
41 113 1.0
41 106 1.0
43 102 1.0
43 54 1.0
43 51 1.0
43 48 1.0
43 105 1.0
43 104 1.0
43 103 1.0
43 60 1.0
43 59 1.0
43 206 1.0
43 205 1.0
43 123 1.0
43 122 1.0
43 121 1.0
43 120 1.0
43 61 1.0
43 118 1.0
43 117 1.0
43 116 1.0
43 144 1.0
43 143 1.0
43 142 1.0
43 141 1.0
43 159 1.0
43 158 1.0
43 157 1.0
43 160 1.0
43 57 1.0
43 203 1.0
43 202 1.0
43 201 1.0
43 200 1.0
43 199 1.0
43 56 1.0
43 197 1.0
43 196 1.0
43 195 1.0
43 194 1.0
43 193 1.0
43 192 1.0
43 191 1.0
43 190 1.0
43 189 1.0
43 188 1.0
43 187 1.0
43 186 1.0
43 185 1.0
43 176 1.0
43 175 1.0
43 174 1.0
43 173 1.0
43 172 1.0
43 171 1.0
43 170 1.0
43 169 1.0
43 168 1.0
43 167 1.0
43 181 1.0
43 180 1.0
43 179 1.0
43 178 1.0
43 177 1.0
43 45 1.0
43 148 1.0
43 147 1.0
43 151 1.0
43 149 1.0
43 165 1.0
43 163 1.0
43 162 1.0
43 161 1.0
43 113 1.0
43 106 1.0
45 102 1.0
45 54 1.0
45 51 1.0
45 48 1.0
45 105 1.0
45 104 1.0
45 103 1.0
45 60 1.0
45 59 1.0
45 206 1.0
45 205 1.0
45 123 1.0
45 122 1.0
45 121 1.0
45 120 1.0
45 61 1.0
45 118 1.0
45 117 1.0
45 116 1.0
45 144 1.0
45 143 1.0
45 142 1.0
45 141 1.0
45 159 1.0
45 158 1.0
45 157 1.0
45 160 1.0
45 57 1.0
45 203 1.0
45 202 1.0
45 201 1.0
45 200 1.0
45 199 1.0
45 56 1.0
45 197 1.0
45 196 1.0
45 195 1.0
45 194 1.0
45 193 1.0
45 192 1.0
45 191 1.0
45 190 1.0
45 189 1.0
45 188 1.0
45 187 1.0
45 186 1.0
45 185 1.0
45 176 1.0
45 175 1.0
45 174 1.0
45 173 1.0
45 172 1.0
45 171 1.0
45 170 1.0
45 169 1.0
45 168 1.0
45 167 1.0
45 177 1.0
45 148 1.0
45 147 1.0
45 151 1.0
45 149 1.0
45 165 1.0
45 163 1.0
45 162 1.0
45 161 1.0
45 113 1.0
45 106 1.0
47 91 1.0
47 90 1.0
47 89 1.0
47 87 1.0
47 51 1.0
47 95 1.0
47 48 1.0
48 97 1.0
48 51 1.0
48 95 1.0
48 102 1.0
48 105 1.0
48 104 1.0
48 103 1.0
48 60 1.0
48 59 1.0
48 206 1.0
48 205 1.0
48 123 1.0
48 122 1.0
48 121 1.0
48 120 1.0
48 61 1.0
48 118 1.0
48 117 1.0
48 116 1.0
48 144 1.0
48 143 1.0
48 142 1.0
48 141 1.0
48 159 1.0
48 158 1.0
48 157 1.0
48 160 1.0
48 187 1.0
48 186 1.0
48 185 1.0
48 148 1.0
48 147 1.0
48 54 1.0
48 151 1.0
48 149 1.0
48 113 1.0
48 106 1.0
51 97 1.0
51 95 1.0
51 102 1.0
51 54 1.0
51 105 1.0
51 104 1.0
51 103 1.0
51 60 1.0
51 59 1.0
51 206 1.0
51 205 1.0
51 123 1.0
51 122 1.0
51 121 1.0
51 120 1.0
51 61 1.0
51 118 1.0
51 117 1.0
51 116 1.0
51 144 1.0
51 143 1.0
51 142 1.0
51 141 1.0
51 159 1.0
51 158 1.0
51 157 1.0
51 160 1.0
51 57 1.0
51 203 1.0
51 202 1.0
51 201 1.0
51 200 1.0
51 199 1.0
51 56 1.0
51 197 1.0
51 196 1.0
51 195 1.0
51 194 1.0
51 193 1.0
51 192 1.0
51 191 1.0
51 190 1.0
51 189 1.0
51 188 1.0
51 187 1.0
51 186 1.0
51 185 1.0
51 176 1.0
51 175 1.0
51 174 1.0
51 173 1.0
51 172 1.0
51 171 1.0
51 170 1.0
51 169 1.0
51 168 1.0
51 167 1.0
51 181 1.0
51 180 1.0
51 179 1.0
51 178 1.0
51 177 1.0
51 151 1.0
51 149 1.0
51 165 1.0
51 163 1.0
51 162 1.0
51 161 1.0
51 113 1.0
51 106 1.0
54 102 1.0
54 105 1.0
54 104 1.0
54 103 1.0
54 60 1.0
54 59 1.0
54 206 1.0
54 205 1.0
54 123 1.0
54 122 1.0
54 121 1.0
54 120 1.0
54 61 1.0
54 118 1.0
54 117 1.0
54 116 1.0
54 144 1.0
54 143 1.0
54 142 1.0
54 141 1.0
54 159 1.0
54 158 1.0
54 157 1.0
54 160 1.0
54 57 1.0
54 203 1.0
54 202 1.0
54 201 1.0
54 200 1.0
54 199 1.0
54 56 1.0
54 197 1.0
54 196 1.0
54 195 1.0
54 194 1.0
54 193 1.0
54 192 1.0
54 191 1.0
54 190 1.0
54 189 1.0
54 188 1.0
54 187 1.0
54 186 1.0
54 185 1.0
54 176 1.0
54 175 1.0
54 174 1.0
54 173 1.0
54 172 1.0
54 171 1.0
54 170 1.0
54 169 1.0
54 168 1.0
54 167 1.0
54 181 1.0
54 180 1.0
54 179 1.0
54 178 1.0
54 177 1.0
54 148 1.0
54 147 1.0
54 151 1.0
54 149 1.0
54 165 1.0
54 163 1.0
54 162 1.0
54 161 1.0
54 113 1.0
54 106 1.0
56 57 1.0
56 203 1.0
56 202 1.0
56 201 1.0
56 200 1.0
56 199 1.0
56 186 1.0
56 195 1.0
56 188 1.0
56 61 1.0
56 121 1.0
56 165 1.0
56 161 1.0
57 121 1.0
57 61 1.0
57 176 1.0
57 175 1.0
57 174 1.0
57 173 1.0
57 172 1.0
57 171 1.0
57 170 1.0
57 169 1.0
57 168 1.0
57 167 1.0
57 181 1.0
57 180 1.0
57 179 1.0
57 178 1.0
57 177 1.0
59 60 1.0
59 118 1.0
59 117 1.0
59 116 1.0
60 120 1.0
60 61 1.0
60 118 1.0
60 117 1.0
60 116 1.0
61 123 1.0
61 122 1.0
61 121 1.0
61 120 1.0
61 144 1.0
61 143 1.0
61 142 1.0
61 141 1.0
61 159 1.0
61 158 1.0
61 157 1.0
61 160 1.0
61 203 1.0
61 202 1.0
61 201 1.0
61 200 1.0
61 199 1.0
61 197 1.0
61 196 1.0
61 195 1.0
61 194 1.0
61 193 1.0
61 192 1.0
61 191 1.0
61 190 1.0
61 189 1.0
61 188 1.0
61 187 1.0
61 186 1.0
61 185 1.0
61 176 1.0
61 175 1.0
61 174 1.0
61 173 1.0
61 172 1.0
61 171 1.0
61 170 1.0
61 169 1.0
61 168 1.0
61 167 1.0
61 181 1.0
61 180 1.0
61 179 1.0
61 178 1.0
61 177 1.0
61 148 1.0
61 147 1.0
61 165 1.0
61 163 1.0
61 162 1.0
61 161 1.0
67 84 1.0
67 83 1.0
67 81 1.0
67 79 1.0
67 69 1.0
67 68 1.0
67 140 1.0
67 139 1.0
67 138 1.0
67 137 1.0
67 136 1.0
68 84 1.0
68 83 1.0
68 81 1.0
68 79 1.0
68 69 1.0
68 140 1.0
68 139 1.0
68 138 1.0
68 137 1.0
68 136 1.0
69 84 1.0
69 83 1.0
69 81 1.0
69 79 1.0
69 140 1.0
69 139 1.0
69 138 1.0
69 137 1.0
69 136 1.0
79 84 1.0
79 83 1.0
79 81 1.0
81 84 1.0
81 83 1.0
83 84 1.0
89 90 1.0
103 104 1.0
106 113 1.0
116 117 1.0
121 123 1.0
121 122 1.0
121 144 1.0
121 143 1.0
121 142 1.0
121 141 1.0
121 159 1.0
121 158 1.0
121 157 1.0
121 160 1.0
121 203 1.0
121 202 1.0
121 201 1.0
121 200 1.0
121 199 1.0
121 197 1.0
121 196 1.0
121 195 1.0
121 194 1.0
121 193 1.0
121 192 1.0
121 191 1.0
121 190 1.0
121 189 1.0
121 188 1.0
121 187 1.0
121 186 1.0
121 185 1.0
121 176 1.0
121 175 1.0
121 174 1.0
121 173 1.0
121 172 1.0
121 171 1.0
121 170 1.0
121 169 1.0
121 168 1.0
121 167 1.0
121 181 1.0
121 180 1.0
121 179 1.0
121 178 1.0
121 177 1.0
121 148 1.0
121 147 1.0
121 165 1.0
121 163 1.0
121 162 1.0
121 161 1.0
127 135 1.0
127 134 1.0
127 133 1.0
127 132 1.0
127 131 1.0
127 130 1.0
127 129 1.0
127 128 1.0
128 135 1.0
128 134 1.0
128 133 1.0
128 132 1.0
128 131 1.0
128 130 1.0
128 129 1.0
129 135 1.0
129 134 1.0
129 133 1.0
129 132 1.0
129 131 1.0
129 130 1.0
130 135 1.0
130 134 1.0
130 133 1.0
130 132 1.0
130 131 1.0
131 135 1.0
131 134 1.0
131 133 1.0
131 132 1.0
132 135 1.0
132 134 1.0
132 133 1.0
133 135 1.0
133 134 1.0
134 135 1.0
136 140 1.0
136 139 1.0
136 138 1.0
136 137 1.0
137 140 1.0
137 139 1.0
137 138 1.0
138 140 1.0
138 139 1.0
139 140 1.0
157 158 1.0
161 165 1.0
161 163 1.0
161 162 1.0
167 176 1.0
167 175 1.0
167 174 1.0
167 173 1.0
167 172 1.0
167 171 1.0
167 170 1.0
167 169 1.0
167 168 1.0
167 181 1.0
167 180 1.0
167 179 1.0
167 178 1.0
167 177 1.0
169 175 1.0
169 174 1.0
169 173 1.0
169 172 1.0
169 171 1.0
169 170 1.0
172 174 1.0
172 173 1.0
185 195 1.0
185 194 1.0
185 193 1.0
185 192 1.0
185 191 1.0
185 190 1.0
185 189 1.0
185 188 1.0
185 187 1.0
185 186 1.0
186 199 1.0
186 197 1.0
186 196 1.0
186 195 1.0
186 194 1.0
186 193 1.0
186 192 1.0
186 191 1.0
186 190 1.0
186 189 1.0
186 188 1.0
186 187 1.0
187 194 1.0
187 193 1.0
187 192 1.0
187 191 1.0
187 190 1.0
187 189 1.0
187 188 1.0
188 202 1.0
188 201 1.0
188 200 1.0
188 199 1.0
188 197 1.0
188 196 1.0
188 195 1.0
188 194 1.0
188 193 1.0
188 192 1.0
188 191 1.0
188 190 1.0
188 189 1.0
191 192 1.0
193 196 1.0
193 195 1.0
193 194 1.0
195 200 1.0
195 199 1.0
195 197 1.0
195 196 1.0
201 203 1.0
201 202 1.0
205 206 1.0